Sim_num	Dist	Asc_NAF	Asc_NEU	Asc_NCHB	daf	Log10_NAF	Log10_NEU	Log10_NCHB	NEU_AS	TEU_AS	TAF	LinearCombination_0	LinearCombination_1	LinearCombination_2	LinearCombination_3	LinearCombination_4	LinearCombination_5	LinearCombination_6	LinearCombination_7
468	1.21779	4	10	7	0.0644993	4.70053	4.13136	3.79421	2766	1480	2622	-5.87496	-3.96884	0.556253	0.474836	-1.87911	-1.32412	-0.443965	1.69406
3401	0.813615	8	19	9	0.0911396	4.79532	4.58726	3.51851	3459	1455	2768	-9.39676	-4.90046	-1.23334	1.9207	-4.76963	-0.662639	0.159879	2.20884
4494	1.05973	9	7	17	0.0635954	4.90736	4.06837	3.64483	1700	1534	2177	-7.24355	-3.38836	0.449346	-0.0960297	-3.10739	0.0449802	-0.438476	2.15806
6604	1.24443	9	13	7	0.0854584	4.76939	4.74688	3.91307	2900	1488	2672	-7.2053	-6.89906	0.324905	1.37382	-2.14769	0.517207	1.08597	1.74805
9840	1.1475	15	7	20	0.0864172	4.7408	4.44059	3.61321	2573	1594	2574	-10.9661	-3.80369	-0.775156	1.15318	-3.52053	-1.34549	0.616397	1.59759
12067	0.965469	8	17	12	0.0825736	4.77707	3.97382	3.75982	3582	1278	2569	-8.92308	-5.63859	-0.549805	-1.60427	-2.59635	-0.205904	0.565129	1.85018
14350	1.01519	3	5	5	0.0787013	4.51818	4.24716	3.36154	4744	558	2505	-6.04229	-5.75851	-1.91271	-0.158887	-2.95411	0.618769	-0.309166	1.38791
18727	1.01303	9	16	15	0.0814318	4.49058	4.76199	3.61045	2425	1295	2549	-6.37559	-4.65571	-2.32878	1.48151	-4.01877	-0.0304203	0.273685	1.37465
19045	1.33601	5	17	18	0.0753745	4.7736	4.66694	3.81611	4066	1313	3630	-5.99738	-6.74056	-2.63028	0.00864335	-2.5584	-1.18181	-0.389193	3.14867
23210	0.852666	9	20	16	0.0684245	4.88829	3.93757	3.80475	4036	1564	3147	-6.7326	-4.77263	0.107634	-0.951127	-2.7664	-1.06916	-0.759537	2.3393
24915	1.20014	2	17	17	0.0955352	4.76394	4.6087	3.60358	4533	850	3404	-8.13415	-6.25161	-3.67343	-0.434849	-2.93632	-0.539746	0.0569204	1.59143
26610	1.29001	10	10	10	0.070387	4.785	4.15521	3.42374	4107	1073	2437	-7.43363	-3.29765	0.180275	1.55513	-4.15138	0.571137	0.357827	1.82147
28752	0.990213	9	14	19	0.0800857	4.61022	4.59264	3.61331	3343	953	2077	-5.72828	-7.45038	0.0405888	0.958331	-2.31632	-0.170959	-1.27349	1.75794
32986	1.10544	9	11	10	0.0749991	4.97425	4.7516	3.70174	2898	1436	2760	-6.84343	-5.08259	-0.117925	1.86152	-2.6245	0.017114	1.11786	1.72642
36362	1.02916	3	6	20	0.0707232	4.6509	4.03205	3.62992	3504	1457	2764	-8.53998	-3.95736	-0.617819	-1.22589	-3.16234	-1.33834	0.0356863	1.42212
36752	1.11956	11	8	12	0.087941	4.67218	4.51372	3.59715	4999	958	3079	-7.92251	-5.21678	-0.942218	1.27731	-2.20827	-0.420253	-0.498734	1.21791
37372	1.04038	10	7	17	0.0899242	4.75263	4.95693	3.35813	4132	940	2610	-7.66666	-5.44398	-2.24213	1.05113	-5.05702	0.0680548	-0.127442	2.64794
39042	1.32188	10	6	18	0.0620351	4.61831	4.83441	3.46909	4264	1487	3145	-5.33975	-4.01631	-0.0754907	2.7757	-5.07338	-0.908969	-0.201061	1.65185
42722	1.35873	2	2	15	0.0947012	4.82785	4.23302	3.35392	4725	1471	2647	-6.80544	-4.0675	-0.260318	0.0902499	-5.83232	-1.18361	-1.09242	2.24068
43798	1.09042	2	3	18	0.0706617	4.59172	4.77129	3.48173	4293	1262	3141	-3.02479	-5.26538	-1.04214	0.599314	-3.57658	-1.5629	-0.718047	1.09638
48566	1.26323	4	13	9	0.098802	4.45837	4.25624	3.71466	4292	1152	3298	-4.36959	-5.83872	-2.75743	-0.392179	-3.13049	-0.60136	1.48404	1.64304
51506	1.10119	2	11	17	0.0944828	4.94678	4.46283	3.52375	4761	995	2569	-9.94306	-6.35933	-0.823214	0.72318	-3.06659	-1.23105	-1.42713	1.504
53204	0.657411	12	12	14	0.0935931	4.54964	4.77223	3.49402	4627	1009	2447	-5.03451	-6.91665	0.283354	1.42143	-3.50191	0.580789	0.00793254	2.12754
55113	1.24541	3	20	4	0.0853689	4.78873	3.91714	4.00877	3743	1469	3411	-5.1157	-6.37777	-1.33189	-2.39127	-2.26822	-0.626694	-0.32323	2.38597
58060	1.0024	20	8	19	0.0925599	4.58152	4.98313	3.55388	4121	1006	2979	-6.13661	-4.49608	-0.777595	1.41055	-3.1732	0.562979	0.518533	2.46606
60173	0.950404	4	6	18	0.0799551	4.27882	4.46512	3.51865	3910	991	2570	-4.42219	-6.75146	-1.79768	-0.367318	-3.26361	-0.36011	0.679301	1.05701
63497	0.939818	4	12	14	0.0916223	4.2656	4.31681	3.68708	3970	1315	3188	-0.486754	-6.33357	-1.36008	-0.0863899	-3.29166	-1.23556	-0.303774	1.6341
65671	1.06577	14	19	15	0.0866985	4.89247	4.41669	3.93308	2752	1517	2435	-9.99995	-7.86492	0.151095	-0.0979011	-1.76789	-0.344997	0.587565	2.23607
67156	0.77144	6	4	17	0.0991446	4.85898	4.63445	3.53908	4735	1582	2955	-8.67218	-5.3567	-0.876387	0.656107	-4.77387	-1.47037	1.10172	1.65337
68796	1.34727	4	14	15	0.074508	4.57101	4.17394	3.65667	3196	1579	3398	-2.22311	-4.16303	-0.883098	-0.561203	-3.54373	-1.02094	-0.354203	2.95988
70634	1.21988	2	6	4	0.0982966	4.36553	4.20639	3.63998	4239	1046	2338	-6.37306	-6.95831	-0.594105	0.319979	-3.12342	-0.149137	1.95685	1.52032
71718	0.757123	5	19	8	0.0662393	4.96748	4.32687	3.92324	2288	1596	2727	-8.07252	-6.09056	-0.686028	0.216455	-2.46125	0.254807	0.821932	1.85851
74099	0.892508	5	19	8	0.0922937	4.91096	4.23872	3.67761	2855	1305	2244	-7.36751	-6.47963	0.838619	0.751616	-2.74026	0.388306	-0.390534	1.61331
75413	1.3568	7	20	13	0.0793575	4.86225	4.65629	4.16738	4635	1443	3356	-8.07239	-8.762	-1.20895	-0.10977	-1.16297	-1.89101	-0.16775	2.49036
80453	0.953319	8	20	12	0.0760603	4.83537	4.57334	3.47436	4573	1079	3271	-7.91758	-4.10901	-2.12753	1.90037	-4.30168	-0.515128	-0.353343	1.9232
80735	0.436262	5	3	9	0.0933129	4.74885	4.51499	3.59693	4677	1171	2925	-6.7147	-5.45475	-0.379504	1.17761	-2.92073	-0.329345	0.492876	2.17062
82654	0.887305	6	20	18	0.0883314	4.45271	4.09082	3.62014	2050	1462	2014	-5.34864	-6.11783	0.979138	0.449168	-3.88738	-0.258061	-0.63388	1.26295
85873	1.01377	16	16	20	0.0852432	4.81595	4.65813	3.55931	4994	1221	2763	-9.12498	-6.13876	-0.120324	1.94722	-3.4633	-0.390533	0.804575	1.24442
88264	1.33736	7	16	19	0.0918366	4.52599	4.56265	3.48116	3433	864	2863	-3.33077	-5.29252	-3.03227	-0.50044	-3.44311	-0.0334312	-0.950412	2.15631
90541	1.02912	2	15	9	0.0953433	4.89256	4.09844	3.60853	4865	1119	2398	-7.18994	-6.66871	0.678351	0.610546	-3.51398	-0.431377	-1.63813	2.03345
94201	1.37136	3	2	8	0.0897135	4.91763	4.68168	3.63949	2364	1264	2123	-11.6773	-5.71218	-2.1951	0.149935	-3.23433	-0.59496	0.927715	2.70266
94514	1.1762	2	8	18	0.0975166	4.96009	4.93685	3.64335	1870	1351	2090	-12.3488	-6.46837	-2.47491	0.0473608	-3.23311	-1.28537	0.11536	1.61212
96458	0.897493	9	17	15	0.0966439	4.89151	4.64558	3.48515	3242	1036	2166	-9.01471	-5.70811	-0.771562	1.94457	-3.59507	-0.114313	-0.913195	1.70453
96866	1.11606	8	12	15	0.0767212	4.86411	4.32601	3.78219	3435	1185	2796	-7.99634	-4.75511	-0.593671	0.924633	-1.62594	-1.00305	-0.725417	1.97092
100655	1.3933	17	5	20	0.0992154	4.5568	4.02078	3.3897	4347	1207	2100	-9.35561	-3.97606	0.164517	0.358237	-5.20259	0.109166	0.893307	1.61082
102408	0.675189	16	14	16	0.0879313	4.62813	4.58668	3.61542	4344	1241	2584	-6.94419	-6.5904	0.105476	1.43761	-3.78398	-0.0350029	0.868839	2.56642
102771	1.20335	9	18	19	0.0827298	4.46669	4.17371	3.71875	3928	1146	3437	-3.91065	-4.75817	-1.81362	-0.66533	-2.00457	-1.20348	-0.267619	1.46781
103094	1.24596	8	18	6	0.0632168	4.80753	4.54187	3.81285	4909	1416	3907	-4.35515	-4.89006	-1.45377	1.45631	-2.13043	-2.24152	-0.69412	1.87264
104699	1.1991	11	18	11	0.0830705	4.99166	4.33323	3.90238	3430	1393	2619	-10.6331	-6.28485	0.15563	0.653471	-1.65953	-1.52565	-0.373701	1.86391
104949	0.970839	10	19	19	0.0719317	4.96252	4.64997	3.58782	2847	1272	2589	-6.59497	-5.01822	-1.24382	1.98261	-3.43348	-0.512149	-0.922397	2.6161
106732	1.03029	6	16	19	0.0777371	4.89991	3.96825	3.51282	4232	1363	2727	-8.27574	-3.58841	0.392048	0.386412	-4.48002	-0.118042	0.153769	1.53784
107182	1.01743	7	6	17	0.0916275	4.73301	4.51386	3.61055	4416	1090	2620	-10.3162	-5.60004	-1.26176	0.38512	-2.40999	-1.8837	-0.371028	1.52723
109866	0.849455	4	3	16	0.0932836	4.99925	4.97782	3.63869	4043	1445	2260	-11.8623	-8.66827	-0.0420826	0.28321	-4.09073	-0.528029	0.605636	1.8052
111805	1.33799	3	16	17	0.0984984	4.96644	4.57704	3.93531	4885	1332	3217	-10.0445	-9.32779	-1.17923	-0.882938	-1.48946	-1.32392	-0.102076	2.28193
112275	1.11126	4	7	20	0.0700082	4.51212	4.59972	3.53058	3314	1554	3447	-0.64489	-4.8976	-1.38858	-0.795594	-4.24596	-0.744723	0.249299	2.25853
113994	0.826972	7	10	13	0.0751173	4.7271	4.37566	3.5392	4761	1532	2790	-4.95767	-5.65031	1.22982	1.53058	-4.36276	-0.984462	-0.452395	2.38841
115880	1.26523	3	10	12	0.0801883	4.84423	4.44812	3.47305	4383	1576	2850	-7.5936	-5.34923	-0.541741	0.79854	-5.55888	0.37675	1.21863	1.81183
116774	0.605376	5	20	12	0.0964045	4.73707	4.22466	3.61247	2066	1547	2133	-7.49129	-5.66688	0.779103	1.30721	-4.51849	-0.435243	-0.312042	1.82645
119301	1.10127	12	11	20	0.0875247	4.23661	4.53321	3.51095	4867	1135	3097	0.359869	-6.21101	-0.887598	0.501537	-4.10308	-0.794987	-0.585494	1.80359
120551	1.22076	11	5	19	0.091475	4.71047	4.50991	3.5636	4066	832	2735	-8.84586	-5.34586	-2.47411	-0.0642532	-1.99581	0.095122	0.464041	2.04492
120776	0.876334	4	2	15	0.0967615	4.71018	4.43444	3.48515	3781	1493	2011	-9.55782	-6.65169	0.0651389	-0.428268	-5.64665	-0.852198	0.310708	2.36587
122741	1.00659	13	20	13	0.0652186	4.72824	4.82353	3.73512	4569	1302	2749	-5.32529	-7.73809	1.00504	1.8162	-2.58227	0.235971	-0.323658	2.23415
123540	1.10264	2	13	2	0.0927994	4.82296	4.29914	3.61574	2918	1417	2485	-9.618	-4.24046	-0.883953	1.92204	-4.09589	-0.876594	-0.923105	1.73756
131835	1.33473	12	8	17	0.0825016	4.68521	4.14442	3.7751	4529	1099	2995	-7.02928	-5.9681	-0.98865	-0.870335	-1.5816	-0.550488	0.274587	2.8885
133390	1.00526	15	11	15	0.0803626	4.91992	4.72083	3.78089	3156	1592	2717	-10.4687	-5.50986	0.42632	2.0267	-2.74418	-1.10703	0.283173	2.09762
134384	0.779105	10	19	12	0.0752842	4.76953	4.1788	3.53314	4729	1222	2980	-7.07536	-4.44136	-0.307804	1.38513	-4.10517	-1.13127	-1.02437	2.204
139371	1.04364	5	18	17	0.0543038	4.95483	4.80066	3.6081	4000	1501	3450	-7.1656	-4.38459	-1.06313	1.89741	-3.59436	-2.00817	-1.01626	1.98854
140205	1.12543	12	9	15	0.0982086	4.88063	4.6556	3.56455	4391	1207	3035	-7.9343	-4.83174	-0.920399	1.49976	-3.64073	0.235615	1.2155	2.5296
140339	1.16844	6	6	12	0.0922185	4.91333	4.49268	3.47712	4535	825	2244	-11.8733	-5.51675	-1.59954	1.15604	-3.43952	-0.895214	-0.930451	1.73656
142116	1.32284	4	14	7	0.0894387	4.94591	4.41229	3.75717	4958	885	2588	-9.78215	-7.89982	-1.44555	0.00589682	-1.62957	-0.611052	0.573076	1.26025
145951	0.777751	2	10	7	0.0875367	4.67911	4.80015	3.60369	2006	1276	2120	-5.16988	-6.168	-0.0198587	1.46714	-3.57098	0.65466	-0.160975	1.63249
151081	1.09661	4	4	7	0.0684419	4.94818	4.16065	3.55835	4683	880	2821	-9.8989	-4.97145	-0.737844	0.0847932	-2.46994	0.33463	0.506025	1.65484
153631	1.13578	6	18	5	0.0769561	4.75391	4.23047	3.58229	4153	1401	2763	-9.59977	-4.33753	0.0154506	1.9918	-4.31816	-0.900088	0.167589	1.34293
162929	1.27497	16	4	19	0.096553	4.80033	4.83299	3.61448	3655	1103	2755	-8.52263	-3.80244	-0.856304	1.92022	-2.28564	0.0338046	0.376987	1.94802
164280	1.24133	2	8	18	0.076941	4.50728	4.08483	3.75952	4834	1399	2735	-3.72331	-7.57262	1.23218	-1.31707	-2.02699	-1.12993	-0.392827	2.0726
166259	0.966087	3	9	5	0.0802776	4.51355	4.72336	3.56074	3722	1522	2874	-5.11451	-4.98274	0.241936	2.70321	-4.50042	-0.941526	-0.136732	1.70875
166402	1.37258	2	12	20	0.059864	4.61333	4.94752	3.75266	2650	1260	2780	-2.2943	-7.52577	-2.10038	-0.725937	-2.6335	-0.127029	-1.27083	1.90521
168624	0.747346	5	10	8	0.0994504	4.58739	4.61131	3.85673	4527	1521	3271	-8.43845	-8.55075	-1.35918	0.0811857	-2.61307	-0.903927	1.29951	2.03068
168959	1.38346	10	19	18	0.0916629	4.79866	4.57856	3.56585	3880	925	1880	-6.92604	-9.05418	0.20346	0.144058	-3.00382	1.26385	-0.0373542	2.73009
169899	1.28938	14	10	20	0.0924915	4.94371	4.66456	3.43217	4741	803	1942	-13.5208	-6.54691	-0.704831	1.06149	-3.12216	-0.263462	0.512593	1.8475
173484	1.20606	7	11	11	0.0981818	4.77589	4.8513	3.76768	4811	1240	3001	-9.5026	-6.96197	-0.746356	1.42819	-1.69143	-1.65642	0.286842	1.37195
174574	0.928255	9	13	17	0.0784179	4.60607	4.90052	3.88195	4227	1140	3148	-6.23615	-7.56222	-1.75525	0.593223	-1.73319	-1.33242	-0.182956	2.66037
176753	0.448021	12	16	13	0.0929278	4.54868	4.76002	3.76589	3032	1521	2621	-6.75149	-6.92334	-0.0681367	1.11216	-2.78478	-0.322192	0.738334	1.79872
188386	0.819447	4	14	20	0.0793601	4.76448	4.11764	3.63246	4369	1066	2921	-7.79196	-6.29166	-2.01734	-0.948123	-3.44035	-0.246029	0.497045	1.3149
189976	0.90111	3	8	19	0.0701032	4.74759	4.60333	3.48244	3619	1057	2704	-8.73428	-5.07274	-2.92708	0.150798	-4.06883	-0.299038	-0.264343	1.77366
191142	0.515449	8	13	18	0.0777983	4.93664	4.20788	3.58172	3376	1297	2354	-8.0579	-5.39752	0.254601	0.574153	-3.70842	-0.156991	-0.356617	2.35177
194470	1.25296	11	13	16	0.0913935	4.75554	4.132	3.45969	4057	1266	3279	-5.1813	-2.78185	-0.878124	1.0401	-4.16405	0.343834	0.583615	1.74652
195025	1.08926	10	17	20	0.0738201	4.79509	4.38148	3.55388	3330	919	2458	-6.23995	-5.27775	-0.964452	1.11672	-3.07392	0.825205	-0.688838	1.53595
197956	0.995439	3	5	19	0.0932959	4.98727	4.38443	3.57113	4009	1513	3392	-6.59865	-4.97783	-1.38239	-0.419704	-4.28642	-1.15593	-0.888767	2.8843
198243	0.946541	13	20	14	0.0916818	4.34715	4.39981	3.73472	3068	1181	2457	-3.84546	-7.35244	-0.641718	0.0832437	-2.58019	0.468045	0.406208	1.34809
199135	1.20939	20	19	19	0.099028	4.69467	4.795	3.66633	4380	1190	1988	-11.8431	-8.40728	0.49864	1.73469	-3.27056	-1.01383	0.245332	1.39911
199346	0.795228	4	20	15	0.0908957	4.74038	4.11514	3.45591	4617	1139	2818	-4.21676	-5.01078	-0.689208	0.454041	-4.84781	-0.419848	-0.435631	2.67033
199561	1.17048	5	9	20	0.0668716	4.69575	4.84294	3.96019	3169	1504	2507	-7.82588	-8.72248	0.476313	0.309167	-1.68739	-0.469548	0.417542	1.33203
200482	0.992091	7	18	11	0.0898991	4.72644	4.69984	3.63306	4752	1149	3197	-7.37646	-6.46876	-2.19496	0.683133	-3.4891	-1.09119	-0.185371	3.14321
206097	1.21466	4	20	11	0.0616604	4.71963	4.34758	3.72428	4925	1147	3251	-2.02346	-7.47677	-1.11308	0.559238	-2.66226	-0.864724	-0.954061	1.18622
208081	0.836165	13	14	13	0.0830564	4.59167	4.43864	3.73231	3929	1158	2676	-7.16201	-6.48115	-0.764984	0.440697	-1.66961	-0.0433584	0.549223	2.04574
219662	1.31955	3	10	15	0.077349	4.72173	4.25044	3.58172	2780	1184	1881	-6.41955	-7.27071	1.17516	-0.0998711	-3.17677	0.904009	0.393486	1.28218
221058	1.23658	7	18	6	0.0700882	4.83924	4.11694	3.98834	4148	1504	3597	-6.73617	-4.94685	-0.746416	-0.234238	-1.84115	-1.90996	-0.962003	2.37428
221293	0.936541	6	13	19	0.0807559	4.5607	4.87934	3.6288	3212	1292	2584	-3.27105	-7.90151	-0.821176	0.329521	-3.41663	-0.0153847	-0.1199	3.01788
222167	1.13496	7	9	18	0.0712664	4.57289	4.28244	3.55047	4634	1175	3225	-0.855786	-5.48854	0.304223	0.318971	-2.98965	-0.565575	-0.778263	1.92987
223801	1.11846	3	9	15	0.0962839	4.652	4.33622	3.5084	2348	1550	2094	-4.3223	-6.72826	0.62706	0.198254	-5.20818	0.281116	-0.0367063	2.77399
234910	0.974945	2	8	14	0.0927891	4.60837	4.64953	3.68975	1909	1370	1718	-9.14286	-9.27845	0.675545	0.13891	-2.91286	-0.185443	0.912484	1.57596
235945	1.27703	13	12	14	0.0926315	4.73281	4.42812	3.57484	4884	1088	3792	-2.68178	-3.42891	-2.06221	1.02305	-3.08205	-1.20008	0.847856	2.14412
237696	1.32517	5	13	20	0.0956199	4.7801	4.08991	3.37876	4578	954	3102	-5.65722	-4.46381	-2.00966	-1.10973	-4.84834	0.232605	0.218701	1.32947
237832	0.97171	5	20	18	0.0955217	4.27992	4.86327	3.52634	4749	1352	3159	-3.96101	-7.44328	-2.46014	0.264224	-5.02725	-1.14295	1.26938	1.87256
238434	1.3934	9	18	12	0.0869759	4.83042	4.08746	3.36511	4080	586	2441	-7.89459	-4.20193	-1.90145	0.454153	-2.86776	0.586842	-1.07263	1.88257
240825	0.746006	9	2	18	0.0958586	4.73641	4.27066	3.73344	3789	1547	3173	-4.57984	-5.19232	0.095326	-0.498767	-2.20968	-0.849857	0.376579	2.19098
241473	0.919981	7	13	10	0.0799004	4.4548	4.56798	3.52582	4512	1593	3488	-3.59673	-4.50232	-0.689002	2.01111	-4.84613	-0.851721	0.58356	1.9562
241513	1.39256	8	10	19	0.0975034	4.98641	4.06618	3.46642	4828	1450	2672	-11.0996	-3.62967	-0.18345	0.69316	-5.35831	-0.863901	0.22263	1.67148
243197	1.38202	8	13	16	0.0865684	4.83991	4.89191	3.82302	1579	1444	1856	-7.50717	-8.85781	0.913752	1.4686	-2.13242	-0.823983	-0.811616	2.7961
244986	1.11711	12	13	15	0.084527	4.65515	4.66969	3.56961	2589	888	1689	-8.31676	-7.25652	-0.00957912	1.44718	-2.50031	0.815471	-0.355054	1.60709
245218	1.30603	18	20	9	0.0918289	4.64889	4.14974	3.70355	2999	876	2141	-7.17015	-5.27957	-0.511339	0.444231	-1.65134	0.768416	-0.12465	2.20099
247014	1.19134	13	16	13	0.0731657	4.70361	4.56872	3.60821	4970	1098	3497	-8.95321	-3.93139	-1.96692	1.64872	-2.70132	-1.19212	0.664998	1.63964
247061	1.14165	20	15	19	0.0898771	4.545	4.20793	3.68386	4630	1364	3459	-5.94505	-3.83871	-0.996889	0.246935	-2.72087	-0.694283	0.583976	1.12786
248169	0.814316	8	16	10	0.0989265	4.40219	4.06666	3.5061	4672	880	2196	-3.73617	-7.1121	0.239897	0.110362	-3.6266	0.769045	-0.0638236	1.65286
250436	1.2593	8	8	20	0.0840793	4.92727	4.37773	3.63144	4971	1509	3216	-6.8051	-6.24659	-1.04901	-0.679671	-4.144	-0.456941	2.08898	1.91445
252043	1.32361	5	18	9	0.0876833	4.3014	4.85039	3.65571	3973	1006	2644	-2.86016	-7.55999	-0.819043	1.05664	-2.73145	0.121067	-0.268216	0.930337
253935	0.762306	11	12	18	0.0836426	4.67864	4.79746	3.89193	4149	1555	3605	-4.35429	-7.33087	-1.13607	-0.0512819	-2.13125	-1.18475	0.273863	2.71434
254118	1.03907	2	3	19	0.0984435	4.89665	4.14959	3.45879	4339	1018	1927	-11.2205	-7.47412	-0.277863	-1.3748	-3.7441	-0.306434	-0.105722	1.43561
254263	1.02494	3	11	7	0.0859493	4.56097	4.95727	3.66436	3057	1120	2977	-3.2633	-5.10488	-1.97277	0.59118	-2.80179	0.285756	0.0251673	1.57099
259672	1.3964	5	15	11	0.0704332	4.729	4.46907	3.35622	4761	1131	3354	-2.73485	-4.34414	-1.54759	1.5564	-5.37154	-1.09182	-0.891473	1.73963
264388	1.24356	10	5	13	0.0905358	4.7408	4.60607	3.76997	4575	1195	3496	-6.50795	-4.99246	-0.930512	0.910365	-1.31958	-0.836566	0.474353	2.5456
265013	0.946028	5	15	8	0.0996998	4.82745	4.36745	3.59273	3920	1050	2679	-10.2687	-5.4146	-1.80034	0.890499	-3.23881	-0.565777	0.173951	1.27898
265016	1.0316	4	7	14	0.0821357	4.8771	4.64524	3.34005	4422	744	2484	-8.84095	-6.14161	-2.22522	0.13439	-4.16827	0.811501	0.202819	1.58735
275555	0.582472	11	9	19	0.0957186	4.45617	4.2492	3.63195	4750	1247	3160	-4.62488	-5.09781	-0.252866	0.393173	-2.58043	-1.55219	0.16907	2.3492
275596	1.28773	13	19	18	0.0926424	4.47734	4.05774	3.49262	4646	1315	3134	-6.37866	-3.17928	-0.916243	0.316703	-4.67345	-0.19905	0.799621	1.2779
275847	1.00737	8	17	3	0.0944371	4.7407	4.41662	3.5738	4143	1393	2964	-8.86706	-3.93835	-0.339353	2.46585	-3.65494	-0.76235	0.206722	1.85702
278548	1.38905	4	20	4	0.095378	4.82403	4.6617	3.37785	3419	910	2264	-6.88653	-5.5042	-0.876941	2.39124	-4.39147	0.986452	-0.810092	1.91712
280814	1.16164	6	18	2	0.0802344	4.69735	3.87471	3.55811	4497	1060	2631	-7.01106	-3.85611	-0.155201	1.27691	-3.80278	-0.366577	-0.937925	1.32061
283540	1.05948	10	6	14	0.0991937	4.98426	4.85022	3.67376	3624	1466	2642	-10.2667	-5.81722	0.486232	2.24976	-2.99344	-0.714503	0.714267	2.04145
283782	0.645031	7	16	9	0.0886138	4.91921	4.58228	3.59966	4775	1207	3301	-7.36123	-4.77476	-0.555746	1.91281	-2.89879	-0.791078	0.241482	2.27292
286303	1.23629	11	11	18	0.0991115	4.86468	3.92973	3.44373	4455	1057	3359	-7.27324	-2.1789	-1.19555	-0.273249	-3.37042	-0.185378	-0.123659	2.27974
286375	1.38938	9	2	12	0.0954036	4.90771	4.87711	3.58444	4850	1093	2869	-10.2391	-5.71279	-1.29623	0.648035	-2.96252	-0.108132	1.78206	1.99271
287788	1.02554	18	14	18	0.0936924	4.68362	4.24573	3.74123	3752	1574	2977	-7.90483	-4.35055	-0.0117309	0.539046	-2.9419	-1.38661	1.1974	1.50455
290390	1.14143	6	16	20	0.07934	4.33905	4.60552	3.63899	2417	1418	2501	-5.54668	-6.40768	-2.00079	0.0754584	-3.84833	-0.549513	0.723677	0.81982
291906	1.11494	7	17	5	0.0839757	4.85106	4.96278	3.70191	2878	1404	2839	-9.70015	-4.71886	-2.05611	1.72078	-2.98672	-1.50542	-0.689858	2.24695
293821	1.31358	4	17	13	0.0747377	4.35058	4.81595	3.7558	3932	1499	3221	-5.08207	-7.19553	-2.15268	0.678403	-3.17466	-2.21495	-0.454695	0.884764
301005	0.76267	7	15	18	0.0818527	4.66881	4.76332	3.49499	4955	874	3281	-8.18153	-5.73568	-2.59489	0.336013	-3.16007	-0.693601	0.494928	1.46943
301637	1.08402	2	4	10	0.0945262	4.87467	4.20747	3.29292	4164	714	1811	-7.46772	-6.27887	-0.140431	0.784614	-4.09914	-0.0404325	-1.65646	1.71257
302029	0.482157	8	12	18	0.0971924	4.63387	4.57786	3.62737	3284	1409	3066	-5.99924	-5.13264	-1.84559	0.579096	-3.66055	-0.309873	0.297704	2.42303
303069	1.3492	7	19	14	0.0825973	4.35031	4.3656	3.56301	3515	1398	2081	-2.92907	-8.4157	1.95667	1.34492	-4.04774	0.238957	-0.380768	1.98752
303765	1.30454	2	19	13	0.0706879	4.47474	4.63909	3.95976	4304	1563	3290	-4.46561	-9.18605	-0.155001	0.387018	-1.77835	-2.18447	-0.667137	1.4702
305638	0.929054	8	18	14	0.0851983	4.37632	4.16876	3.463	4330	1127	2981	-4.3922	-4.24688	-1.85363	0.757409	-4.40732	-1.00548	-0.0797047	1.27281
307285	0.579576	2	20	18	0.0922955	4.92506	4.5242	3.42488	4163	1103	2669	-6.39151	-5.89492	-0.872185	0.990666	-4.90034	-0.343237	-0.788879	2.31198
309062	1.2611	12	13	8	0.0962465	4.67829	4.35824	3.83027	4827	1263	2591	-10.1126	-7.69897	0.348325	0.594838	-2.01305	-0.268661	1.08607	2.4454
310580	0.888987	12	15	18	0.0956371	4.95195	4.20238	3.74927	4699	1276	2422	-11.3437	-7.04313	0.451435	-0.187501	-2.7583	-0.406296	0.412345	2.14224
313164	1.0858	4	17	5	0.0790663	4.3865	4.88335	3.99948	4312	1549	3507	-6.1568	-8.46814	-2.15518	0.0261826	-2.32271	-2.29406	0.878508	1.57029
314488	1.019	7	15	16	0.0953719	4.71399	4.65498	3.61395	1972	1431	1820	-8.02431	-8.16586	1.43975	1.30388	-3.75102	0.166332	0.318205	1.44408
319462	1.05258	3	15	8	0.0872584	4.52867	4.28303	3.66727	2746	1113	1786	-5.54613	-8.24235	1.21466	0.904047	-2.79634	0.638732	-0.359424	1.82316
319610	1.0354	3	7	14	0.0912841	4.95001	4.61212	3.59748	4139	1116	1895	-10.4512	-8.54642	0.71694	0.636939	-2.74449	-1.70954	-0.775276	2.25826
322759	1.03627	5	20	5	0.0861802	4.56217	4.37499	3.70079	1553	1359	2177	-7.64318	-4.39381	-1.74897	0.166568	-3.22937	0.577963	0.653316	1.68733
322818	1.18028	3	20	18	0.0753358	4.5324	4.09188	3.40688	3812	1349	2387	-4.86074	-4.95989	0.135909	1.25806	-5.36941	-0.211231	-0.772284	1.46085
326950	1.22157	12	11	18	0.0786795	4.91291	4.15017	3.46	4483	1088	2501	-11.8591	-3.72935	-0.571152	0.756011	-3.66765	-1.14991	-0.35801	1.66878
326978	1.26134	5	18	18	0.0922156	4.76552	4.03342	3.56714	4423	1073	2258	-9.93524	-5.50325	0.427909	0.50965	-3.06341	-1.38333	-0.669312	1.05777
327846	1.12892	7	12	9	0.0847115	4.54537	4.37627	3.57692	3628	1070	2898	-4.72726	-4.45594	-1.27901	0.832724	-2.82331	0.654591	0.755131	1.74009
329568	1.35058	12	20	10	0.0791236	4.46957	4.61438	3.55955	4802	1051	3248	-1.56633	-5.88714	-0.919779	1.23219	-3.19134	-0.0986674	1.21657	1.36713
330535	1.04137	2	4	12	0.0931282	4.6331	4.69935	3.44279	3903	794	2929	-3.95873	-5.88799	-2.30811	-0.491788	-3.14859	0.0699079	-1.03418	1.92181
331271	1.35575	3	12	14	0.0846518	4.82945	4.3631	3.49707	3921	1363	3551	-5.45599	-3.9951	-2.87057	0.307206	-4.69787	-1.2702	-0.0183192	2.83855
331585	1.2436	5	14	16	0.0931022	4.92277	4.57095	3.43361	4546	1169	2655	-11.339	-5.47905	-2.15041	0.905172	-5.11835	-1.41388	-0.630856	1.80536
334022	1.21558	3	16	17	0.0674523	4.63739	4.45662	3.83327	2524	1351	3040	-5.36753	-5.63423	-2.22563	-0.710816	-2.04153	-0.647872	-0.862173	1.53829
341576	1.10563	5	11	18	0.0676727	4.42118	4.36295	3.54851	4078	866	2479	-3.54326	-6.88117	-1.05749	0.248613	-2.86665	-0.242956	-1.43301	1.49632
344814	1.14971	10	9	16	0.0884805	4.91942	4.65055	3.53403	4303	1403	2831	-8.79263	-5.64083	-0.480861	1.10174	-4.44973	-0.491272	0.593119	3.14211
345758	1.27845	15	11	17	0.0796802	4.74987	4.23689	3.72403	3321	1523	3438	-2.55444	-3.16204	-0.410597	0.585658	-2.66589	-0.721094	0.0654948	2.5331
345913	1.36562	4	20	5	0.0781889	4.44942	4.66764	3.6504	2825	1076	2774	-1.78567	-6.87546	-2.51243	0.13236	-3.18068	0.660718	-0.439582	2.42534
346543	0.690535	8	17	15	0.0791425	4.49032	4.72149	3.74186	4808	1397	3680	-4.58986	-6.30889	-2.06427	0.391358	-2.76896	-2.08758	0.276044	1.64942
346930	1.29821	10	14	6	0.0736793	4.64213	4.58227	3.60336	4091	1200	2989	-3.79051	-5.24866	0.354195	2.14653	-3.01326	0.77769	0.2532	1.90071
347945	1.04701	6	12	13	0.0718605	4.92757	4.89188	3.53046	3049	1245	2646	-8.78461	-4.48633	-1.78816	1.82671	-3.5776	-0.243341	-0.8503	2.19812
351754	1.09153	13	18	9	0.0946879	4.63451	4.56258	3.70621	4279	1160	3062	-7.79502	-5.31114	-0.571957	1.39323	-2.38339	-0.208525	1.00631	1.3957
353655	1.11111	10	6	14	0.0923264	4.92479	4.63976	3.63468	4826	1091	3372	-8.32034	-4.57454	-0.952607	1.41451	-1.98702	-0.791824	0.939891	2.19296
354911	1.16221	10	10	20	0.0854657	4.59831	4.76718	3.77298	4703	1350	3735	-1.83611	-7.0449	-1.91031	-0.240967	-2.16544	-1.52745	-0.0309524	2.60201
356087	1.10688	8	10	12	0.0667059	4.28147	4.92916	3.75366	4226	1397	3431	-1.75014	-5.85999	-0.652202	0.977794	-2.22595	-1.43897	0.955543	2.1543
358403	0.529573	15	19	15	0.0899263	4.60464	4.81152	3.77793	3592	1376	2774	-8.14983	-6.96744	-1.12805	0.472433	-2.45658	-0.413302	0.857399	2.08066
365165	0.832522	4	19	15	0.0858714	4.49344	4.76093	3.63779	3848	1095	2861	-1.92403	-8.00713	-1.16254	0.386504	-3.35071	0.293999	-0.261795	2.42803
370911	0.274597	3	12	9	0.0970768	4.42843	4.59161	3.66614	4426	1366	3011	-4.65646	-7.29792	-1.03373	0.411605	-3.80421	-0.435054	0.866489	2.04764
377296	1.24544	7	9	17	0.0948566	4.49524	4.01887	3.85009	2873	1443	2234	-8.49227	-6.61329	0.313804	-1.7884	-2.21042	-0.580197	1.02996	1.88019
380824	1.12938	6	3	19	0.0834687	4.45321	4.70737	3.71517	4614	1370	3386	-0.118424	-7.46887	-0.823761	-0.950134	-2.72841	-1.23421	-0.237616	1.88198
382132	0.924828	14	7	18	0.0826808	4.6519	4.44064	3.73918	4908	1551	3440	-4.48657	-5.51033	-0.451781	0.542454	-2.91526	-1.49904	1.51954	2.2858
383067	1.18832	4	5	19	0.0846534	4.6458	4.17105	3.48173	4518	976	3315	-5.46579	-4.77995	-2.04552	-0.594955	-3.09198	-0.999813	-1.45892	1.8213
383631	0.275568	3	8	14	0.098345	4.49008	4.94312	3.50759	4846	1103	2944	-4.53812	-7.29307	-1.12731	0.226296	-4.02338	-0.142217	0.406524	2.30283
384683	1.21461	3	10	12	0.0837266	4.96631	4.94398	3.91793	3996	1465	3109	-10.1975	-8.69373	-1.56374	0.0282267	-2.33143	-1.26797	0.940956	2.74999
390594	1.38494	4	6	6	0.0971025	4.91359	4.13909	3.83632	3714	1372	3070	-6.2469	-4.98758	-0.399907	-0.460821	-1.84774	-0.776198	-0.228179	3.03266
394671	1.2242	11	15	12	0.0793325	4.72608	4.37515	4.00915	2381	1563	2543	-9.26515	-6.90237	-0.989821	-0.218981	-1.57209	-0.340021	1.14421	2.10667
395938	1.18275	9	18	12	0.0990124	4.60113	4.31376	3.4484	3877	1177	2456	-8.64081	-4.4743	-1.15215	1.97064	-5.09009	0.171007	0.340486	1.67237
396727	1.09788	4	7	3	0.0984636	4.96828	4.14186	3.58614	3800	1462	2412	-10.7672	-4.42003	0.219484	1.67271	-4.40373	-0.322663	0.430918	2.01379
399929	1.22741	9	14	3	0.0996702	4.61784	4.83836	3.72272	4841	957	3218	-6.52732	-5.63102	-1.07997	1.24043	-1.41887	-0.338873	0.0358023	2.65473
401532	0.951494	2	19	12	0.094333	4.94944	4.26647	3.69749	3259	1109	2051	-8.42541	-8.79043	-0.630713	-0.733449	-2.55911	0.378894	0.266403	2.57019
401685	1.15361	5	19	14	0.0948328	4.67528	4.70296	3.78039	3971	1364	2814	-11.1442	-7.14536	-1.77758	0.674089	-2.796	-1.92246	0.369059	1.29228
403068	0.922793	12	13	20	0.0790958	4.94244	4.90707	3.71584	4844	1022	3371	-6.72551	-5.79818	-1.77801	1.117	-1.78093	-0.881291	-0.286999	1.57411
403559	0.962816	7	13	5	0.0874817	4.9518	4.09667	3.54456	3899	1413	2560	-9.39583	-3.77533	-0.130421	1.61076	-4.31458	-0.981393	-0.389009	2.28439
404285	0.935537	3	11	14	0.0883074	4.95115	4.2721	3.87581	3643	1556	2983	-7.71912	-7.0421	-0.342356	-0.736588	-2.37587	-1.56844	-0.555178	2.80616
408312	1.36434	5	10	16	0.095546	4.8405	4.26548	3.38112	2675	1097	2014	-9.52358	-3.59702	-0.745043	1.12621	-4.78859	0.29071	-0.279581	1.46739
409643	1.23152	14	20	15	0.0922837	4.55848	4.77451	3.5437	4221	1154	2897	-9.96254	-5.25478	-1.71308	1.41247	-3.69593	-0.618482	1.19028	1.30497
410187	1.17955	14	6	18	0.0806131	4.83451	4.78546	3.67219	1879	1010	1704	-9.70055	-5.79384	-0.775501	1.28945	-1.9585	0.212189	-0.547985	2.20324
410473	1.23881	10	19	17	0.0758145	4.61848	4.40547	3.61752	3762	1479	3360	-5.58331	-3.97116	-1.81085	1.04157	-3.66226	-1.91194	0.715969	1.16491
410904	1.15638	9	3	18	0.0935609	4.57073	4.66635	3.34143	4242	986	2992	-5.69798	-3.06431	-1.27974	1.71274	-4.18363	0.116752	0.237734	1.71354
410909	0.45268	2	3	13	0.0854827	4.9728	4.56484	3.51242	4870	1041	2692	-7.5713	-6.27781	0.0692838	0.567339	-3.32646	0.134627	-0.116918	1.64921
412679	1.02602	8	20	10	0.0859263	4.54362	4.98568	3.66567	4713	1293	3429	-7.38895	-5.93339	-2.80342	1.15422	-3.81457	-2.13726	0.129725	1.33846
413539	0.925016	4	13	20	0.0803157	4.91963	4.88838	3.73078	2863	1569	2665	-9.68574	-5.68724	-0.745706	1.6269	-3.23291	-1.55808	-0.14608	1.22709
417778	0.729097	4	9	20	0.0879525	4.70093	4.60887	3.71223	2306	1490	2530	-3.59921	-6.66418	-0.0837185	-0.029625	-2.5049	0.0760312	-0.190307	1.62329
418571	1.02981	5	19	9	0.0851911	4.39056	4.60661	3.56937	4592	1380	3001	-1.74	-6.72035	-0.114133	2.03756	-4.46595	-0.716247	-0.27686	1.42832
418706	1.225	6	19	14	0.0904626	4.76669	3.90455	3.79358	4266	1151	3329	-6.74534	-4.9942	-1.5128	-1.93362	-2.35594	-0.825611	-0.361965	1.50669
419018	1.27541	8	11	15	0.0935424	4.76916	3.9645	3.79664	4683	1518	3883	-5.0326	-4.86912	-1.903	-1.85537	-2.6893	-2.10819	0.509554	2.16614
419291	1.17873	15	10	20	0.090909	4.90536	4.45202	3.75542	2883	1430	2224	-13.0703	-6.5923	-0.502069	0.768914	-2.72642	-1.49876	0.51973	1.94855
421926	1.15252	4	6	16	0.0853616	4.87953	4.29724	3.64128	2430	1282	1843	-12.3377	-6.16548	-0.188951	0.259287	-3.05285	-1.86103	-0.663862	1.79367
424708	1.35539	2	8	5	0.0673546	4.81467	3.88513	3.49541	4383	1584	2760	-8.25302	-2.55367	0.0635171	-0.0996365	-5.22197	-0.533874	0.360237	1.78517
425660	0.850331	4	8	12	0.0926047	4.81	4.22943	3.71734	3813	1338	2983	-8.60158	-5.95187	-1.98158	-1.49288	-3.13288	-0.793574	0.43088	2.48027
435085	1.18334	12	4	14	0.0991006	4.84734	4.28076	3.49955	4628	1172	2502	-7.57806	-4.62033	1.22003	1.68575	-3.46182	0.371363	-0.114944	1.76523
435905	1.22888	3	18	17	0.0818563	4.20761	4.63771	3.76365	2957	1543	3114	-1.5565	-9.1135	-2.71082	-1.2952	-3.72456	-0.970357	0.438116	2.11578
436707	1.01931	10	10	19	0.0999297	4.93198	4.57339	3.60938	2157	1192	1756	-11.2246	-6.52419	-0.246594	1.44417	-2.83306	-1.50109	-0.865251	2.1292
438691	1.01973	8	8	14	0.07012	4.93831	4.73071	3.81677	3590	1213	2973	-7.7824	-5.28698	-0.723852	1.09682	-1.62395	-0.413523	-0.0153045	2.43806
439163	1.1082	6	12	12	0.0788961	4.54955	4.95027	3.68806	3057	1072	2018	-7.43214	-7.91415	0.143747	1.3535	-2.16924	-0.168739	-0.375115	1.16582
439494	1.18517	4	17	4	0.0970751	4.52948	3.92096	3.72049	1955	1598	2500	-7.94028	-3.46073	-1.5187	-1.11065	-3.81593	-0.343504	0.668232	1.47995
439620	1.12414	5	16	19	0.0823059	4.75829	4.47939	3.61899	3399	1188	2580	-11.5142	-5.15002	-2.33718	0.685509	-3.34649	-1.72867	0.227073	1.72028
440770	1.08774	7	17	15	0.0984168	4.80716	3.87714	3.47943	3456	991	2170	-8.41154	-3.34214	-0.638457	-0.169752	-3.31902	-0.102912	-0.855594	2.14692
442019	1.27046	16	13	18	0.0720719	4.49624	4.68769	3.71958	4729	1092	3561	-4.05396	-4.95412	-0.571597	1.84774	-1.43071	-1.21144	0.0644766	1.97864
445112	1.04759	7	16	7	0.0815788	4.5962	3.89076	3.80665	4896	1501	2725	-6.0243	-5.03602	1.56825	-0.508883	-2.62872	-0.927559	-0.465803	1.82972
445241	1.34432	6	4	18	0.0789507	4.80271	4.90267	3.50961	3858	1451	2833	-7.08201	-5.09278	-0.685453	1.32889	-5.09688	-0.355177	1.6213	1.47802
445286	1.27571	5	9	20	0.0955242	4.70776	4.86103	3.47828	4602	1050	2161	-11.5466	-7.52974	-1.29442	0.927973	-4.30334	-0.309156	1.13856	1.29576
445573	1.12219	5	16	5	0.0857542	4.53367	4.46998	3.42127	3842	811	1984	-8.2523	-6.2828	-0.480224	2.00357	-3.74297	0.428219	-0.300725	1.1731
448773	1.21299	11	19	12	0.0746257	4.50784	4.50852	3.49471	3884	1381	3450	-3.30785	-3.78795	-1.30066	2.37126	-4.73092	-0.558319	0.123924	2.16714
451038	1.32461	16	18	18	0.0941443	4.43689	3.92241	3.57761	4855	801	2745	-5.78746	-4.9651	-0.697615	-0.399239	-1.86514	-0.113848	-0.598456	1.25391
452554	1.19161	2	11	15	0.0732002	4.44812	3.9729	3.46494	4684	1228	2855	-2.22636	-4.74958	-0.129475	-0.77703	-4.5404	-0.685022	-0.731831	1.4308
452798	0.596569	10	17	20	0.0648979	4.94443	4.49978	3.73312	3258	1299	2946	-6.24063	-4.8497	-1.18767	1.0002	-2.57831	-0.366335	-0.123909	1.74013
455134	1.13495	5	12	10	0.0965944	4.8265	4.41782	3.72304	4236	1457	2755	-11.7645	-5.49304	-0.841268	0.855281	-3.22241	-2.40645	-0.27244	1.93755
456410	0.72194	3	2	12	0.0934178	4.87632	4.59909	3.64217	3176	1540	3278	-7.7512	-3.8971	-1.8958	-0.160318	-3.18621	-1.44158	0.254567	1.99876
459559	1.12159	3	15	13	0.099996	4.83344	3.97685	3.65079	2332	1250	2001	-10.1223	-5.63392	-1.4503	-1.92228	-3.32463	-0.402278	0.0943748	2.47798
460492	1.28204	9	9	13	0.0731742	4.55801	4.2565	3.59028	3355	1494	3368	-2.38178	-2.96917	-0.493615	0.746767	-3.55321	-1.00912	-0.187393	2.63627
460556	1.17249	6	15	8	0.089697	4.84134	4.66055	3.74076	4591	1124	2786	-10.7623	-6.87026	-0.804635	1.5839	-2.0965	-1.23152	-0.283448	1.38738
461514	0.441143	4	13	8	0.0925701	4.35675	4.46919	3.57136	4628	1257	3223	-4.64764	-7.03226	-2.15854	0.42295	-4.24394	-1.00971	0.480797	1.55037
464961	0.957746	4	9	18	0.0961124	4.66394	4.47769	3.51375	3100	1532	2193	-4.08914	-6.82696	1.42886	0.91156	-4.60894	0.0117027	-0.552875	2.24362
470167	0.794888	4	15	15	0.0978217	4.82659	4.20726	3.54888	3301	1047	2238	-6.19391	-6.58439	-1.14525	-0.468153	-3.68021	0.257927	-0.215472	2.88832
471446	0.638827	10	19	5	0.094545	4.9431	4.21091	3.62449	4623	1459	3375	-7.30378	-4.57206	-1.09555	1.03808	-4.08668	-0.311118	0.949915	2.08828
479106	1.01019	4	13	5	0.0989636	4.75737	4.21564	3.59824	1754	1389	1985	-9.207	-5.76112	-1.12607	0.0398796	-4.19359	0.522778	1.13012	2.35279
480461	1.30775	5	4	17	0.0962693	4.22003	4.23785	3.50745	4906	1229	3039	0.0183869	-6.37035	0.0361804	-1.17595	-3.47936	-0.848257	0.161641	1.46778
483027	0.924768	2	16	11	0.08971	4.93419	4.92864	3.67367	3711	1513	3401	-7.65141	-5.98173	-2.57513	0.887424	-3.96738	-1.96462	-1.02958	2.17347
483121	0.748307	2	7	6	0.0741631	4.99144	4.37712	3.51081	4478	1237	2220	-8.86294	-6.40032	0.673241	1.49407	-4.28568	-0.0362255	0.25205	1.5927
485026	0.865895	6	18	9	0.0854931	4.60965	4.58823	3.67797	2767	1571	3116	-7.09477	-3.70013	-1.99769	1.34999	-3.69092	-1.39294	-0.125122	1.62508
487137	0.5399	6	17	15	0.0939171	4.79993	4.48372	3.58838	4190	1157	2695	-10.0367	-5.64485	-1.79092	1.0942	-3.72257	-1.04007	0.0260941	1.87189
490046	1.24367	4	6	13	0.0989444	4.9223	4.56134	3.48897	3419	1420	2056	-12.0729	-6.50697	-1.06863	0.343039	-5.65002	-0.952745	0.508269	2.34969
490292	1.02845	14	13	13	0.0894458	4.79722	4.99519	3.71966	2584	1269	1975	-10.0075	-6.99849	0.499757	2.52771	-2.71661	-0.598033	0.172334	2.11582
494469	0.731868	5	15	10	0.0819099	4.75523	4.62791	3.61521	3523	1585	3082	-3.15468	-5.64398	-0.0829721	1.81826	-4.39164	-0.0790749	-0.0657821	1.99646
496867	1.21552	9	11	12	0.0958388	4.63087	4.26491	3.51891	2063	1109	1769	-9.45285	-5.49399	-0.532255	0.829687	-3.66049	0.81038	-0.128682	1.23354
501086	1.15377	4	5	12	0.0587484	4.92116	4.91158	3.57461	3681	963	2786	-5.14907	-5.41677	-0.766166	1.04746	-2.21866	0.0702196	-1.17452	2.29276
501973	1.33289	3	18	20	0.0824285	4.8205	4.99535	3.98132	3524	1372	2606	-9.21863	-9.35023	-0.35925	0.670127	-1.22579	-1.1187	-0.382246	1.64189
504923	1.09985	14	15	19	0.0883075	4.37354	4.56413	3.6844	4625	1068	3426	-6.67769	-6.03944	-3.02014	0.132502	-2.24743	-1.41818	0.238375	1.43464
505247	0.856087	7	11	17	0.0639152	4.70306	4.9709	3.75732	2405	1355	2646	-6.68259	-5.24817	-0.992656	1.41757	-2.20916	-0.623324	-0.654925	1.60342
506820	1.38807	5	19	3	0.0748102	4.68138	3.98619	3.81757	2773	1558	2906	-3.50282	-4.92402	0.246075	-0.371319	-3.25514	0.868925	0.855694	1.56082
507492	0.807153	8	12	17	0.0947269	4.77585	4.53053	3.63889	4153	1378	3488	-7.78503	-5.06211	-2.96404	0.146694	-3.72038	-1.78318	0.0956656	1.97325
507574	1.37673	9	13	10	0.0886333	4.83556	4.99341	3.49527	4821	1291	3790	-5.06952	-3.38741	-2.03546	2.51072	-4.39066	-1.87653	0.159632	2.06862
509189	1.28582	5	6	17	0.0994024	4.3761	4.37005	3.61395	1862	1586	2444	-3.3607	-4.68744	-0.755756	-0.511307	-4.24027	0.162195	1.43015	1.67302
510629	0.948959	6	19	17	0.0798478	4.91773	4.82199	3.67852	1544	1558	2113	-7.24522	-7.19238	-0.534053	0.945705	-3.44218	-0.985134	-1.08477	3.00347
521298	0.938556	10	16	10	0.0937133	4.76181	4.98472	3.60895	4848	1140	3076	-10.555	-5.48052	-1.96584	1.90845	-3.24184	-1.25485	-0.195532	2.25556
523822	1.20559	3	8	19	0.0982388	4.85815	4.59432	3.89059	3678	1232	2644	-4.68717	-9.04217	-0.305966	-0.322619	-1.72519	0.224197	-0.204768	1.47379
527751	1.16259	2	8	4	0.0916867	4.66922	4.37836	3.59273	4660	1314	3548	-2.19705	-5.41072	-1.74426	0.619916	-4.47976	-0.15022	0.942279	2.63763
528533	1.27251	9	12	18	0.0992814	4.9266	4.42797	3.6733	3985	1151	2859	-5.82021	-6.43237	-0.537265	0.0705359	-2.61997	1.11851	1.2045	1.95056
533222	1.13728	3	9	2	0.0922699	4.73556	4.64128	3.68869	4627	1220	2790	-11.0696	-5.58918	-0.985264	1.83496	-3.00665	-1.18729	0.951736	1.60715
533394	1.11016	7	16	13	0.0697905	4.96759	4.56399	3.52763	3565	1142	2893	-6.59482	-4.57854	-1.17582	1.99593	-3.45292	-0.430886	-1.13896	2.4908
534966	0.98303	14	15	20	0.0953222	4.52689	4.94226	3.56902	4382	754	2939	-5.96932	-6.60439	-2.81161	-0.0264372	-2.17969	0.0357932	-0.0461032	2.25281
535131	1.31846	8	5	13	0.0774415	4.6123	4.54833	3.70467	1779	1281	1613	-10.313	-8.55929	1.41956	0.650645	-2.42631	-0.539737	0.636716	1.49647
535542	1.14208	7	6	19	0.0927719	4.76987	4.8273	3.46479	4110	888	3139	-2.94882	-5.18354	-1.17699	0.851825	-2.62829	0.303576	-0.835258	1.74327
536360	0.824972	16	15	16	0.0969612	4.68815	4.502	3.67154	4833	1303	2949	-11.214	-5.54386	-1.05421	1.36548	-3.17055	-1.63702	0.267373	1.91122
537517	0.984225	2	19	12	0.0943743	4.85431	4.71796	3.6192	4599	1097	2673	-8.17495	-8.70445	-1.75017	-0.322795	-3.35018	-0.0479331	0.255004	3.00218
537578	0.727728	6	7	15	0.0943817	4.76638	4.33596	3.70243	4176	1500	2761	-9.2015	-6.4028	0.512255	0.306238	-3.1149	-0.802628	0.142724	1.26191
541489	1.3827	6	15	2	0.0889146	4.82911	4.98047	3.57008	4984	1142	2701	-11.7026	-5.88497	-1.11305	2.75598	-3.57543	-1.34099	0.6753	2.3947
546764	0.714474	5	19	15	0.0932021	4.72639	4.86144	3.45469	4864	907	2300	-10.1797	-6.81739	-0.904999	1.95986	-3.76448	-0.851276	-0.528223	1.62859
551565	1.1839	12	6	19	0.0900629	4.67918	4.32071	3.54741	4202	1280	2775	-10.6121	-3.92125	-1.0133	1.12844	-3.45566	-1.03166	0.324245	1.28552
553757	1.11134	19	18	18	0.0985907	4.82538	4.4778	3.54518	2179	1365	1956	-10.4432	-4.94355	-0.468514	1.86545	-4.63024	-0.12993	-0.398041	1.62191
557333	1.13518	6	17	14	0.0866481	4.72623	4.67423	3.55182	4014	968	3551	-6.10127	-4.9941	-3.39675	-0.0465536	-3.54156	0.219638	-0.091989	2.11077
557862	1.2335	10	14	19	0.0851229	4.69308	4.48883	3.84819	1702	1589	2654	-8.38767	-3.30869	-2.21614	0.162091	-2.26674	-1.32313	0.247388	2.12753
562882	0.956733	4	18	19	0.0734273	4.92948	4.8672	3.59923	3995	995	2287	-11.2561	-7.43774	-1.2223	1.08274	-2.52183	-1.17659	-0.560593	1.60861
564188	1.24378	15	15	15	0.0910024	4.81641	4.07298	3.59373	3697	1003	2131	-11.7079	-4.80488	-0.49614	0.00152473	-2.65902	0.114478	0.151184	1.70301
564714	1.07919	6	4	20	0.0857137	4.59245	4.22298	3.4138	2778	991	1772	-7.96493	-5.11773	0.0261666	0.415997	-4.02147	0.169045	-0.556594	1.10381
564882	1.12937	10	5	15	0.0683542	4.96704	4.70517	3.40209	4601	866	2447	-9.3195	-4.59755	-0.593765	1.75674	-3.02554	-0.571126	-1.16525	2.05795
566137	0.988544	5	17	18	0.0956042	4.91166	4.83474	3.54456	3927	1051	2636	-6.64134	-6.86259	-1.74136	0.686421	-3.88551	-0.793608	-1.55393	2.61275
569773	1.19156	6	14	10	0.0705277	4.4665	4.82099	3.81796	2808	980	2285	-5.50108	-7.14523	-1.239	0.51009	-1.62846	0.55351	0.0968166	1.49653
571750	1.39652	10	19	11	0.0823628	4.9232	4.95617	3.69513	3146	1366	2920	-10.6071	-4.36806	-2.20097	1.89043	-2.99315	-1.57546	-0.595702	2.29328
572530	0.751269	6	14	4	0.0860631	4.99774	4.23343	3.57921	4976	1224	3056	-9.03323	-4.52914	-1.43317	1.07154	-4.01943	-0.564992	0.537395	1.52507
574219	0.822177	7	4	20	0.0676214	4.99916	4.31733	3.65254	4609	1581	2694	-7.07327	-6.57813	1.80936	0.501999	-2.99341	-0.701253	-0.0544228	1.6519
577632	1.07131	6	3	6	0.0726127	4.93336	4.56215	3.66614	4322	1510	2603	-8.92334	-5.69869	1.48043	1.63212	-2.87504	-0.856848	0.520587	2.35435
579662	1.12259	5	14	8	0.0998671	4.51926	4.80238	3.71767	2723	1363	2852	-8.08832	-5.06121	-2.6909	0.747051	-3.135	-0.963675	0.725688	1.24289
579892	1.03235	10	11	17	0.0980255	4.79486	4.56618	3.51202	3006	1567	2341	-8.41002	-5.53711	0.0228801	1.83021	-5.18275	-0.251892	1.03272	1.99866
586010	0.562018	5	20	11	0.0915433	4.56001	4.24876	3.62788	4435	1179	3034	-5.83294	-6.94831	-1.43293	-0.0717804	-3.93499	0.195109	0.842486	1.57141
586544	0.588304	4	3	10	0.0632229	4.70185	4.75394	3.5463	4725	1269	3364	-5.75544	-4.27444	-0.84598	1.04742	-3.48683	-1.16384	-0.0761889	1.47856
587488	1.27271	6	19	19	0.0720078	4.54397	4.12231	3.61331	3725	1096	2551	-3.15525	-6.72503	-0.0420941	-0.809631	-2.83452	0.334171	-1.29158	1.91856
588853	0.875403	2	17	20	0.0689147	4.6129	4.8683	3.60347	2525	1229	2646	-4.52987	-5.9221	-2.03151	0.712147	-3.57651	-0.828158	-1.39933	2.12314
589198	1.37716	13	20	16	0.0881084	4.89961	4.41003	3.49845	4860	1411	3510	-6.01103	-3.99838	-1.32287	1.89104	-5.11197	-0.190953	0.556934	2.77996
590185	1.22934	5	11	14	0.0794702	4.61929	4.24618	3.88184	4908	1589	3250	-6.6093	-7.30813	0.168244	-0.77662	-2.23634	-2.43254	0.236969	1.21564
592526	0.945003	7	7	15	0.0966352	4.40348	4.07748	3.69749	3959	1472	2538	-6.13984	-5.29304	0.757168	-0.435433	-2.8068	-1.62478	0.263371	1.27346
592942	1.37601	7	4	14	0.080993	4.88643	4.72936	3.24871	4449	705	2012	-9.79935	-5.75746	-1.307	1.05725	-4.66586	1.19781	-0.574485	2.05981
595476	0.90706	17	18	15	0.0976484	4.95747	4.27605	3.60991	4879	1594	3181	-8.13412	-4.83523	0.630731	0.893849	-4.47916	-0.216038	0.131138	2.68827
595551	0.894296	12	20	14	0.0900252	4.76601	4.46733	3.7417	4346	1347	3116	-11.0477	-5.84497	-2.06121	0.751163	-3.14097	-1.73473	0.488817	1.90234
595996	1.22181	8	13	9	0.0873885	4.90658	4.34676	3.77793	2704	1440	2756	-8.7595	-4.24051	-0.545103	1.31334	-2.07483	-0.183233	0.300558	2.55086
597286	1.10039	6	2	7	0.0893686	4.58743	4.80081	3.67596	2709	1400	2368	-8.11532	-4.81668	-0.0240588	1.84672	-2.31378	-0.703569	1.05674	2.09068
597386	0.82195	6	8	15	0.074281	4.4881	4.72057	3.77605	3303	1036	2427	-6.01117	-7.8884	-1.73536	-0.296329	-1.83313	-0.297768	-0.0206644	1.61099
597869	0.905974	12	19	20	0.0958803	4.77624	4.21291	3.67127	2614	1153	1701	-8.70258	-7.29394	1.2976	0.605614	-2.52895	-0.505159	-0.63199	2.24216
600906	1.13507	12	13	17	0.0858289	4.99351	4.87996	3.48671	3669	1184	2690	-8.22839	-5.19387	-0.855948	1.77962	-4.24401	0.95551	0.44266	2.2875
601669	0.941774	4	20	16	0.0926181	4.86613	4.37061	3.76849	3974	1215	2393	-7.99796	-8.97262	0.368958	-0.380477	-2.61098	0.330619	0.17995	1.48284
602312	1.12165	6	9	16	0.0775401	4.74943	4.39245	3.59218	3534	973	2661	-8.40407	-4.81259	-1.85595	0.301178	-2.80205	-0.0853649	0.396658	1.17296
603546	0.618329	15	17	17	0.0943411	4.61955	4.8426	3.48259	3746	1092	2295	-8.82064	-5.15512	-0.691697	2.05168	-4.12108	-0.575637	0.0212545	1.84754
604460	1.12478	9	11	20	0.0757853	4.67023	4.32644	3.44264	3513	1427	2355	-7.7789	-3.80074	0.182248	1.93671	-5.27499	-0.682244	0.236026	2.03023
608241	1.31312	4	16	5	0.0914935	4.50243	4.33498	3.96844	5000	1500	3438	-2.89476	-9.44686	-0.401225	-0.111933	-1.91424	-1.24103	0.108965	2.87039
608404	1.34379	12	18	12	0.0716667	4.89308	4.07405	3.57875	4425	974	2651	-6.52888	-5.35139	0.58239	0.104522	-2.63493	1.30031	-0.0464811	2.0471
609122	1.37365	9	13	4	0.0797542	4.60936	4.23343	3.6844	1614	1480	1953	-10.3083	-4.42106	0.436746	1.50615	-3.06087	-1.51892	0.181634	1.19762
610698	0.890127	4	17	5	0.0894192	4.37883	4.89163	3.79761	2572	1318	2024	-5.66519	-9.87483	0.136214	1.25341	-2.44983	-0.00143669	-0.12691	1.59692
611351	0.898666	5	6	15	0.0887175	4.93854	4.85351	3.61847	4204	1199	2510	-9.90579	-8.15006	-0.469714	0.758707	-3.20082	-0.20588	0.490747	1.15147
614745	1.1892	14	19	15	0.0913059	4.66929	4.03137	3.69749	3713	1123	2188	-10.6942	-5.8959	-0.186907	-0.151133	-2.24389	-0.444047	0.487425	1.31142
615915	1.01871	11	18	19	0.0916232	4.87944	4.77873	3.58115	4837	1019	2272	-8.89763	-8.2275	-0.327135	1.12205	-3.01403	-1.15087	-1.46755	2.458
617565	0.934139	6	6	14	0.0786768	4.79013	4.87395	3.8957	3655	1339	3065	-8.89004	-6.97229	-1.15662	0.518791	-1.57425	-0.624371	0.647515	2.25463
619237	0.943845	7	2	14	0.0997957	4.88607	4.54263	3.59791	3542	1332	1964	-8.29438	-8.21979	0.805494	0.630408	-4.19086	0.349009	0.628908	2.65548
622920	0.929261	4	8	3	0.0713456	4.74192	4.23027	3.64018	4677	986	2589	-5.25865	-6.28436	0.0712268	0.604209	-2.54951	0.72331	-0.0958731	2.47023
624383	1.37021	9	8	14	0.0983305	4.76066	3.99414	3.70986	3849	1313	2307	-12.2658	-4.90306	-0.470191	-0.865088	-2.79071	-1.30213	0.600967	1.61495
626180	0.744289	4	2	19	0.0985664	4.81918	4.45821	3.47524	4850	1425	2510	-10.3483	-5.56863	-0.654936	0.239012	-5.08646	-1.58075	-0.239783	2.12855
626386	0.737194	15	17	17	0.0974715	4.5654	4.77901	3.49248	3608	1172	2629	-4.82305	-6.41673	-1.28273	1.02189	-4.41925	0.50956	-0.0646573	2.57959
627794	1.31365	12	11	14	0.0947916	4.728	4.38185	3.49859	4855	1210	3283	-10.0152	-3.09014	-1.46901	1.57901	-3.82842	-0.779948	0.822408	1.73749
636525	1.01852	6	14	20	0.0797591	4.52173	4.61146	3.46105	3815	1330	3190	-3.63113	-4.92089	-1.59015	0.53103	-5.09153	0.222814	0.770306	2.08581
640140	1.08613	8	15	7	0.0815826	4.96038	4.87591	3.57784	4481	1320	3154	-8.55517	-4.27845	-0.661265	2.91407	-3.99536	-0.939524	-0.275987	1.93103
640187	0.951897	2	19	11	0.0789929	4.73119	4.44674	3.84887	1560	1466	2120	-5.19554	-7.26955	-0.29119	0.451464	-2.41692	-0.947573	-1.50065	2.23246
646743	1.14943	2	2	13	0.070982	4.802	4.51163	3.59417	2410	1575	2799	-6.79846	-3.75893	-1.73219	0.0693813	-3.53486	-1.36611	-0.105066	2.99064
647876	1.30982	2	16	17	0.0770707	4.90267	4.32069	3.80767	4051	1426	2837	-8.66734	-7.64302	-0.265998	0.223118	-2.13272	-2.06924	-1.43671	1.7388
648871	0.710659	2	15	11	0.0967827	4.72483	4.8619	3.71559	1585	1451	2021	-10.3059	-6.78212	-1.05013	1.40335	-3.16318	-0.932838	-0.040814	1.37977
651515	1.18854	4	19	19	0.0598517	4.76379	4.73721	3.74068	2526	1397	3271	-5.27696	-3.89066	-3.28816	-0.0324801	-2.95307	-1.14005	0.0972813	1.94676
653055	0.921564	13	13	18	0.0871505	4.74497	4.97521	3.72542	3552	1496	2771	-5.94447	-7.4606	1.03949	1.58718	-2.84771	0.436485	0.425127	1.90537
656288	1.17167	4	10	2	0.0630756	4.3157	4.78591	3.72082	4263	1006	2814	-1.50225	-6.9741	-0.486967	1.55743	-2.08273	-0.0319207	-0.213527	1.89313
656999	0.786859	9	17	14	0.077199	4.47031	4.90992	3.67642	4821	1161	2558	-5.05803	-9.51352	0.373282	0.976086	-2.43023	-0.467404	-0.449498	1.65441
660602	1.27709	2	8	7	0.0797381	4.59099	4.51624	3.7273	4900	1358	3106	-8.0803	-6.87528	-1.40019	0.402866	-2.8504	-2.43858	-0.114986	0.899229
660798	1.04837	6	17	4	0.0869786	4.71134	4.19623	3.5266	4000	1048	3466	-5.30943	-3.37936	-1.85183	0.770344	-3.39511	0.286437	0.363199	2.15618
661085	1.20255	7	18	18	0.0764791	4.43262	4.70175	3.72852	3781	1482	2938	-0.998019	-8.24129	-0.0370541	0.122202	-3.21697	0.064562	-0.418912	2.71356
661160	1.33832	5	7	14	0.0893298	4.82467	4.5684	3.41913	2447	1369	1919	-9.4597	-5.59178	-0.371221	2.07268	-5.69595	-0.657168	-0.935629	1.98508
666659	1.18195	3	9	15	0.0827762	4.90644	4.92561	3.28217	4560	788	1757	-10.3148	-7.34247	-0.853602	1.63916	-5.0914	0.387897	-0.2599	1.46479
669778	1.32213	8	14	10	0.0915759	4.59044	4.44584	3.87835	4411	1251	3308	-0.798714	-7.03514	-0.590786	0.464259	-1.74826	-0.335704	-0.319286	1.7369
671925	1.12028	4	9	2	0.0666676	4.9737	4.32176	3.7406	4139	1215	3435	-7.98036	-3.87973	-1.24832	0.963507	-2.4084	-0.784043	-0.058105	2.75467
673367	1.33532	5	7	16	0.0967999	4.78409	4.24756	3.30492	4207	1011	2383	-9.97354	-3.91657	-1.89987	1.39266	-5.30554	-0.551872	-0.399647	1.77874
673876	1.24309	11	15	16	0.0833301	4.53642	3.96703	3.85058	4173	1492	3416	-4.94034	-4.77708	0.652833	-1.29662	-1.98382	-0.56338	0.54632	2.00668
674814	0.650708	3	17	7	0.0910797	4.70228	4.21825	3.67025	3741	1110	2091	-6.6696	-7.93756	0.862717	0.760684	-2.90085	0.262978	-0.0652202	1.82889
677019	1.25573	9	15	9	0.062224	4.55592	4.37813	3.49776	4187	1333	3138	-3.47068	-4.20341	-0.0361202	2.2926	-4.49459	-0.527495	-0.81097	1.76261
677435	1.07914	10	15	16	0.0851852	4.54231	4.91307	3.66997	3958	1274	3257	-6.53486	-5.39592	-2.30918	0.634906	-2.83251	-1.02724	0.905939	1.1696
678109	1.3056	3	19	3	0.0812616	4.87317	4.01077	3.90173	2886	1560	3095	-9.18221	-4.44594	-2.14946	-1.60578	-2.62339	-1.58799	0.0181281	2.31472
681146	0.704022	5	14	12	0.0692871	4.81296	4.27089	3.86499	3951	1568	3529	-7.30972	-5.94868	-1.04705	-0.211962	-2.1266	-1.56575	-0.680198	2.13162
681442	0.944482	4	6	19	0.0965216	4.80821	4.1495	3.68278	4762	1246	2389	-9.27428	-6.87274	0.377413	-0.307936	-2.59492	-1.57914	-1.10912	1.92107
688767	1.12051	9	18	17	0.0890855	4.84697	4.32116	3.63769	3193	1266	2193	-7.34893	-6.82595	1.02865	1.51106	-2.56964	-0.740411	-1.27291	1.89792
689014	1.28928	2	14	3	0.0640178	4.91102	4.16134	3.73046	2202	1424	2877	-4.26289	-2.59152	-1.18586	0.886232	-3.30694	-0.0960213	-0.621274	2.28836
689219	1.02284	10	20	9	0.087307	4.62397	4.3294	3.65772	3880	927	2641	-7.56272	-5.97902	-1.08667	0.254445	-2.38137	0.675056	0.825618	1.68547
690182	1.3838	12	12	19	0.0758054	4.4727	4.83613	3.85138	3371	1355	2903	-2.20062	-7.79339	-0.582263	0.495936	-1.50661	-0.91695	-0.749541	2.56693
690456	0.801507	2	13	15	0.0728214	4.42579	4.78964	3.94616	4418	1473	3324	-4.2089	-8.94603	-1.2756	-0.169158	-2.26962	-1.92423	0.140215	1.57132
690490	1.21073	4	18	8	0.0705009	4.82342	4.42953	3.71139	4090	1479	3204	-6.47486	-6.27813	-1.5227	0.817694	-3.35137	-1.70521	0.0400973	0.692467
694073	1.37614	3	13	2	0.0853131	4.51884	4.51056	3.82724	2857	1442	2675	-5.09839	-6.26661	0.283172	1.8811	-2.38606	0.293271	0.571093	1.16893
695499	0.783484	7	20	18	0.0940276	4.48882	4.08792	3.58602	4009	1107	2594	-7.80619	-5.87694	-1.74787	-1.14021	-3.6667	-0.455113	0.625681	1.37288
697579	1.10769	13	12	14	0.0829952	4.83979	4.45425	3.50515	4200	938	3157	-7.39665	-3.66807	-1.91743	1.22786	-3.12145	0.208219	0.011542	2.43822
699344	1.16683	8	15	14	0.0948374	4.84268	4.45344	3.60885	3294	1434	2918	-9.84941	-4.99427	-2.72925	0.594063	-4.13449	-1.56309	0.267504	2.71024
699949	1.10029	17	7	14	0.0839045	4.73603	4.8682	3.66276	4852	1594	2646	-10.1876	-6.92575	1.39078	1.96232	-3.43988	-1.39716	0.269771	2.41241
701452	1.31015	5	14	5	0.0951831	4.61521	4.12447	3.5934	2090	1337	1666	-7.90031	-7.3041	1.70627	1.29241	-4.39419	0.615297	0.732392	2.32118
702053	1.08789	2	18	13	0.0934114	4.85372	4.7923	3.88627	4161	1348	3290	-5.98295	-9.43378	-2.19176	-1.05771	-2.1727	-0.68834	0.666158	2.42666
703475	0.766131	2	17	18	0.0827837	4.88728	4.3809	3.45969	2843	1043	1915	-7.15717	-6.39047	-1.09977	0.346645	-4.67873	0.568601	-0.463065	2.52597
704091	1.20202	10	7	15	0.0791756	4.83099	4.24492	3.75404	4564	1488	3237	-7.75347	-4.91238	0.695563	0.629393	-2.21114	-1.65876	-0.935758	2.39383
705195	0.846609	7	5	20	0.0808845	4.85586	4.34514	3.61225	2127	1268	1965	-9.55799	-5.19908	-0.595712	0.582669	-2.88699	-1.33292	-1.07829	2.06744
708037	1.33755	11	15	13	0.0838734	4.64236	4.32775	3.85071	2895	1544	2230	-8.54631	-7.36897	1.59922	0.653514	-2.20545	-0.0761025	0.978972	1.7277
710387	1.06126	9	11	15	0.0996198	4.77007	4.26729	3.5605	4055	1227	2477	-11.5515	-4.77283	-1.75406	0.265771	-3.9608	-1.35583	0.713893	1.70375
713612	1.35209	8	3	18	0.0777012	4.46535	4.61825	3.7336	3449	1573	3455	-5.26634	-4.39602	-1.10638	0.97932	-2.55475	-1.5764	1.66807	1.71886
720496	1.18347	5	15	9	0.0805514	4.70318	4.51857	3.84948	4870	1443	3671	-8.75436	-6.484	-1.84706	0.527416	-2.13039	-2.8251	0.0461264	1.89094
724083	1.21741	5	9	14	0.0937339	4.44969	4.35176	3.30103	4390	761	2760	-3.74432	-5.52012	-1.95799	-0.0519289	-4.52317	0.96887	-0.101228	1.57374
726633	1.12431	6	15	16	0.0682663	4.78455	4.51871	3.77945	2730	1288	2893	-6.07828	-4.16701	-1.91459	0.59634	-2.11716	-0.84715	-0.896575	2.07715
729206	1.10047	7	15	16	0.0864498	4.68133	3.9635	3.69949	4393	1010	2720	-5.56162	-6.45587	-0.240224	-1.07008	-1.76601	-0.323957	-0.719784	2.37584
732955	1.34154	3	19	10	0.0898539	4.58741	4.28652	3.63073	4406	1585	2867	-7.7331	-5.47917	-0.168569	1.74924	-4.28115	-2.54647	-1.09526	1.43401
737193	1.06633	3	10	2	0.0928717	4.60518	4.10058	3.68205	3825	1274	2666	-7.65351	-5.02437	-0.102011	0.953056	-3.28591	0.0106694	0.596416	1.07203
737738	0.45332	7	15	15	0.0992164	4.54669	4.66832	3.55907	4505	1219	2955	-5.22409	-6.46645	-1.11607	1.04431	-4.06743	-0.23694	0.364117	2.64978
742190	1.01833	4	8	12	0.0977067	4.62529	4.45912	3.81365	4713	1560	3498	-7.04816	-7.65265	-1.91506	-1.01973	-2.96542	-1.46067	1.39838	2.49137
743010	1.32031	6	12	12	0.0891001	4.13341	4.77445	3.67219	2747	1331	2660	1.04178	-7.0028	-0.721418	-0.354031	-3.35697	-0.00554177	0.169107	2.04073
748739	0.995302	2	11	4	0.0911193	4.41886	4.95895	3.79768	4373	1412	2722	-2.64393	-9.11094	0.848619	1.83852	-2.81479	-0.640734	-0.200152	1.91518
750771	0.632752	10	18	20	0.0710609	4.62859	4.46183	3.68904	4358	1410	3043	-5.44376	-6.26955	-0.250102	1.2967	-3.26633	-1.2717	0.366798	1.17526
751177	1.26785	2	10	4	0.0704753	4.30771	4.57566	3.52035	4609	944	3019	-2.09769	-6.36745	-1.65605	0.917293	-3.07806	-1.29163	-0.387842	0.95722
752720	1.16354	5	17	19	0.0983566	4.85967	4.72698	3.48487	3376	1089	1863	-12.9995	-6.79597	-1.80451	0.63458	-4.65103	-1.16319	0.564608	2.1247
753512	1.26247	7	6	13	0.0828065	4.86847	4.32311	3.42308	3892	1200	2476	-9.96208	-3.38977	-1.17303	1.92579	-4.83502	-0.872158	-0.131388	2.24662
753532	0.6372	4	9	14	0.0859341	4.82941	4.66197	3.69504	3578	1366	2725	-10.6016	-6.47504	-0.975223	0.768876	-2.96856	-0.967317	0.252123	1.52514
753839	1.26841	2	15	14	0.0961774	4.34547	4.90455	3.64875	1573	1495	2366	0.389429	-6.87777	-1.44814	-0.368329	-3.63127	0.206547	-0.110526	2.21082
755821	0.746299	4	20	2	0.097372	4.50176	4.40536	4.0128	3804	1529	3538	-4.60487	-7.11864	-2.24668	-0.487301	-2.24778	-1.09846	-0.0921684	2.39613
760474	1.31734	3	15	16	0.0734703	4.98646	4.84165	3.45576	4626	1267	2838	-7.67898	-4.88554	0.319395	2.81177	-4.63465	-0.16157	-0.386494	1.51065
760798	1.35499	4	19	8	0.0904239	4.51117	4.80735	3.59218	3528	1220	3728	-1.54184	-4.95906	-2.65824	0.534661	-3.70071	-1.14061	-0.48305	2.69146
761746	0.810132	6	15	2	0.0962731	4.40545	4.16917	3.65128	4856	1205	3181	-5.56835	-5.08062	-0.805365	0.412716	-3.36751	-0.0229561	1.30491	1.72707
761804	1.31325	3	10	13	0.0940183	4.83994	4.94588	3.48101	3602	1262	1948	-9.78524	-6.43079	0.625381	2.6384	-5.01587	-1.03314	-0.475489	1.54739
763916	1.3459	10	20	8	0.0884447	4.43827	4.19995	3.53007	4537	864	3259	-3.70869	-4.86196	-2.51274	0.0102641	-3.00384	0.527746	0.321981	2.62571
765889	1.3998	5	9	10	0.0834619	4.67368	4.15812	3.35372	4635	990	2033	-7.82124	-5.84733	0.468946	1.02992	-5.5955	1.02464	0.183384	1.85916
765958	1.38485	6	20	7	0.0731573	4.38358	4.80486	3.58692	4696	1394	2996	-2.10013	-6.60641	0.676918	2.55105	-3.93614	-0.493877	-0.51562	1.35661
767530	1.02179	7	12	11	0.0806426	4.65939	4.2257	3.3753	4645	742	2666	-5.50845	-4.29008	-1.08953	1.0858	-3.77092	0.450233	-0.22098	1.35129
769967	1.31058	7	2	17	0.0952526	4.57321	4.62769	3.40739	4359	1139	3571	-5.80531	-3.46891	-3.04723	-0.0318436	-4.79417	-0.465627	0.489401	1.84688
774519	1.18138	4	19	3	0.0895579	4.60336	4.96335	3.95207	4485	1188	3203	-7.36167	-8.15586	-1.94198	0.581759	-1.76212	-0.401507	1.08657	1.51587
774597	1.37775	2	10	16	0.0779895	4.87318	4.35096	3.28012	4915	723	2067	-10.5023	-5.75797	-1.41429	1.25983	-4.77542	-0.52469	-1.15911	1.30494
775017	1.11282	5	19	12	0.0924659	4.89725	4.25737	3.67015	3419	1011	2221	-11.6837	-6.44163	-2.03948	-0.0285774	-2.31711	-0.740236	-0.332601	1.86731
775136	0.497691	8	12	16	0.0992146	4.60107	4.73038	3.59262	4530	1305	2655	-9.8771	-6.36569	-1.00831	1.15143	-3.97223	-1.65946	0.454941	1.75814
776827	0.591745	3	20	18	0.0868801	4.50266	4.43246	3.60325	3879	1534	2565	-3.61851	-8.10618	0.837617	0.578239	-4.2259	-0.267039	-0.08276	2.37279
777883	1.34035	9	14	18	0.0958836	4.68864	4.80464	3.66238	4643	877	3067	-5.51718	-7.13202	-1.3929	0.935535	-1.71529	-0.713427	-1.2805	2.63099
780336	1.06903	7	12	16	0.0626159	4.7839	4.95786	3.70723	2851	1332	2700	-7.79882	-5.0954	-1.2873	1.55613	-2.7802	-0.750585	0.434951	1.06783
780811	0.904119	12	16	11	0.0880831	4.74108	4.81285	3.70893	3303	1123	2490	-9.22275	-6.39252	-1.05901	1.43327	-2.24487	0.231811	0.457735	1.94999
783035	1.28008	10	14	4	0.0808212	4.56992	4.94048	3.69601	3808	1089	2955	-4.30593	-5.885	-0.577503	1.42635	-2.03134	0.836807	0.365306	2.29981
783606	1.08493	4	15	4	0.095714	4.82508	4.79589	3.46	3424	1038	1957	-7.05389	-6.77037	-0.227463	2.23118	-4.69554	0.864418	0.0398261	2.34298
786106	1.14776	4	6	18	0.0903738	4.7109	4.51109	3.6816	3617	1528	2609	-4.59489	-7.74438	0.935459	-0.121178	-3.48346	0.55601	1.13423	2.46709
786132	1.36554	12	14	12	0.0982921	4.76921	4.39072	3.49845	4789	939	2485	-5.47107	-6.59222	0.0221184	0.972626	-3.41511	0.740815	-1.07721	2.87068
786488	0.603365	4	14	15	0.088862	4.72415	4.58545	3.5231	4076	1100	3175	-2.69079	-5.74289	-1.29817	0.544148	-3.68634	-0.394881	-0.0875135	1.50894
788974	1.00622	7	20	14	0.0786367	4.65705	4.82765	3.58704	1678	1412	1851	-9.39614	-7.30133	-0.112494	1.77887	-4.22808	0.0848917	0.200097	1.18145
789845	0.808028	3	8	16	0.0946893	4.91122	4.54264	3.77078	3172	1127	2277	-6.65019	-8.42367	-0.630179	-0.793754	-2.32781	0.495997	0.179132	2.0039
790930	1.30036	2	6	20	0.0959326	4.90656	4.72474	3.44373	3146	1423	2170	-12.1069	-5.45831	-1.18987	1.35393	-5.16451	-1.67685	-0.445244	1.8683
795955	1.19969	11	17	20	0.0860933	4.87117	4.89383	3.73608	4462	988	2780	-10.5389	-8.0395	-1.703	0.119395	-1.79334	-0.0227207	0.601546	1.99874
798606	1.1579	17	20	16	0.0898507	4.6415	4.44534	3.75846	2232	1113	1972	-9.40651	-5.46998	-0.641884	1.13396	-1.62496	-0.537945	0.068623	1.52339
800724	1.01249	8	14	13	0.0872673	4.8653	4.79451	3.54851	4739	1314	3123	-10.1445	-5.06303	-2.2725	1.51117	-4.60449	-1.54944	0.545515	2.03595
801745	1.06249	17	17	16	0.0847663	4.64647	4.35944	3.99546	3914	1409	2801	-7.32305	-7.28883	0.636094	0.371703	-1.46458	-0.445886	0.694165	2.122
803486	1.10608	7	5	19	0.0786602	4.54734	4.93698	3.3668	4708	704	2878	-5.68501	-5.29211	-2.25888	0.846429	-3.12998	-0.3883	-0.464021	1.05682
805457	1.33861	5	20	19	0.0698241	4.60806	4.4748	3.49485	4569	1388	3468	-6.7645	-4.05195	-2.51586	1.03246	-4.89674	-1.68756	0.717733	1.34857
809226	0.983513	7	18	2	0.080824	4.6222	4.41197	3.87864	4838	1574	3896	-5.20628	-5.4613	-1.36075	1.31646	-2.85409	-2.60945	0.791881	2.23534
809696	1.21903	4	19	7	0.0741267	4.88779	4.16071	3.9287	4553	1332	3126	-10.062	-6.50676	-0.816993	-0.346746	-1.71218	-1.8021	-0.310411	1.48927
810989	1.33153	8	19	8	0.0871229	4.47975	4.59187	3.91212	4065	1047	2328	-7.27784	-9.76757	-0.629404	0.214018	-1.31716	-0.154399	0.68626	1.63004
813819	1.37599	7	12	20	0.0834457	4.84379	4.31027	3.38274	3187	1122	2471	-6.62368	-4.37127	-1.20837	0.600496	-5.13809	1.17221	-0.167512	1.837
814650	0.886486	10	20	15	0.0779652	4.52116	4.18602	3.76708	4247	1564	3282	-4.15491	-5.73334	0.711282	0.686158	-3.18182	-0.874666	-0.42373	1.20399
816182	1.19792	11	13	16	0.0949542	4.69632	4.38234	3.48629	2339	1131	2177	-8.77592	-3.55001	-1.62628	1.35464	-3.62083	0.275485	-0.31671	1.62136
816287	1.09681	11	15	15	0.0896541	4.48169	4.87279	3.37273	4789	722	2739	-4.55125	-6.11409	-1.33878	1.62839	-3.66767	0.722097	-0.179625	1.27598
819085	1.37433	8	14	8	0.0838321	4.95958	4.46541	3.5753	4104	1199	2558	-8.38548	-5.39573	0.504315	2.03281	-3.5641	0.643902	0.923667	1.53428
820627	0.95577	5	6	17	0.0751431	4.40907	4.90942	3.67688	4841	1346	2565	-6.46595	-8.75073	-0.133129	0.44344	-3.11949	-1.0619	0.349441	0.844778
823485	0.725668	3	17	15	0.0609827	4.72826	4.72158	3.62055	2735	1599	3130	-6.70487	-4.52192	-1.9435	1.64342	-4.36948	-0.914692	0.000603917	1.60379
825920	1.26772	8	8	9	0.0953709	4.65782	4.87509	3.52763	4190	1377	3191	-7.74173	-4.5944	-1.74854	1.70555	-4.79111	-0.568304	1.50651	1.90027
827628	0.700925	3	14	19	0.0760692	4.72741	4.81347	3.57124	4363	1368	3350	-6.41414	-5.44039	-1.05423	1.3549	-3.62509	-1.75143	-0.934943	1.57934
831989	1.35471	11	15	20	0.0939096	4.87291	4.32488	3.71265	2649	1454	2136	-13.0731	-6.20224	0.194824	0.722836	-3.08597	-1.1686	0.371173	1.38127
836760	1.38623	7	6	14	0.0742988	4.83325	4.89621	3.44576	4116	922	3283	-4.20689	-3.99787	-2.59422	0.795917	-3.68783	0.525171	0.889627	2.08223
836850	0.73476	4	15	19	0.0848293	4.4488	4.84855	3.79505	3164	1519	3250	-3.36297	-7.92511	-2.14218	-0.197065	-2.94807	-1.47892	0.92172	1.86033
838102	0.730928	20	18	17	0.0993383	4.7359	4.85019	3.62798	4514	1121	2325	-10.033	-7.27937	-0.135623	1.78996	-3.20593	-0.567626	0.381491	2.52935
843086	0.7624	4	19	17	0.0772094	4.9309	3.92474	3.71883	4363	1480	2878	-9.29824	-5.19786	-0.265708	-1.60433	-3.34109	-1.05154	-0.123302	2.05441
845911	1.2106	3	16	11	0.0840766	4.7521	4.26677	3.65447	4471	1328	3242	-5.35616	-6.27319	-1.26147	0.137628	-3.40963	-2.02641	-1.76664	2.34702
850298	1.07889	7	19	6	0.0712451	4.76603	4.25708	3.97063	3330	1468	3185	-5.88218	-5.84189	-0.660445	-0.131495	-1.46545	-0.291967	0.0639873	2.57796
855929	1.30093	14	13	11	0.0978391	4.47327	4.95879	3.58252	3619	818	2176	-7.01526	-6.63916	-0.566813	1.73358	-2.25248	0.762697	-0.176513	1.31286
856450	0.853812	7	19	17	0.0857585	4.57831	4.54792	3.91487	4476	1532	3431	-5.70968	-7.7146	-0.863397	-0.173588	-1.87955	-1.80671	-0.263962	2.60127
857115	0.711713	2	9	2	0.0939422	4.85596	4.62549	3.72673	2570	1245	2063	-10.264	-7.27997	-0.582237	1.07855	-2.86865	0.0099503	0.624087	2.17261
864752	1.01736	4	13	15	0.0628878	4.85128	4.26839	3.73672	3090	1370	2365	-8.66135	-6.49082	0.519029	0.308075	-3.26127	-0.122497	0.962128	1.19546
865611	1.10619	6	12	20	0.0870121	4.90462	3.95789	3.36605	3370	877	1991	-7.88847	-4.41148	-0.408072	-0.142303	-4.05359	0.89989	-0.559662	1.81566
865955	0.788708	4	7	14	0.0917514	4.45045	4.44532	3.79491	4494	1267	3287	-4.36327	-7.54948	-1.92653	-0.979523	-2.3009	-1.46783	-0.12467	2.36449
869517	1.29067	5	5	19	0.0922459	4.40466	4.70422	3.57784	1995	1370	2303	-1.16653	-6.31633	-1.33037	-0.61246	-3.92844	-0.0816575	-0.245057	2.90279
870557	1.28499	7	19	10	0.0805991	4.71141	4.56666	3.62583	2893	1440	3099	-4.05747	-3.72957	-0.962501	2.11447	-3.58852	-0.756613	-1.08812	2.3209
876091	0.978754	3	12	11	0.0915714	4.30387	4.57525	3.52349	3733	1361	2295	-1.79971	-7.81952	0.661102	0.680074	-4.44906	0.307106	0.463535	2.04996
878296	1.28241	15	20	9	0.0925726	4.80373	4.46444	3.80462	4741	1337	2794	-11.9281	-6.29723	0.0179158	1.58403	-2.30336	-1.3842	0.750878	2.05956
878545	1.32354	12	10	19	0.0969745	4.51872	4.19504	3.74257	4760	1343	3582	-0.969142	-5.59416	0.0680929	-0.552813	-2.01276	-0.440624	0.327815	2.15117
878695	1.2996	14	8	15	0.0904612	4.90996	4.75875	3.58184	3348	1484	2287	-10.7903	-5.7653	0.333744	2.33185	-4.5016	-1.50216	-0.659522	2.4549
879192	1.1189	9	19	18	0.0867368	4.67631	4.6219	3.89977	3258	1250	2740	-4.50688	-7.48151	-0.845289	0.213501	-1.32684	0.00122611	-0.519643	2.03269
881287	0.772547	10	14	15	0.0928273	4.68002	4.17011	3.84825	1776	1484	2025	-8.34245	-6.62079	0.478068	-0.485605	-1.97119	-0.598571	0.131195	1.92225
882766	1.30125	10	12	13	0.0906829	4.77071	3.99476	3.54208	3820	939	1866	-10.829	-6.13341	0.116837	-0.0607393	-2.80031	0.294232	0.4786	1.24856
884128	1.3647	9	7	10	0.0969635	4.61101	4.53559	3.47582	3838	1175	2970	-7.78986	-2.80296	-2.00579	1.61239	-4.20035	-0.116877	0.660606	1.76073
885941	1.10379	3	15	13	0.0977827	4.78544	4.61628	3.45697	3392	1128	1803	-12.6677	-7.02404	-0.893808	1.29901	-4.69474	-0.749124	0.284098	1.58365
887324	0.806734	3	13	13	0.0724248	4.58553	4.55354	3.68377	2983	1329	2971	-8.12173	-5.34554	-2.81582	-0.227989	-3.51519	-0.862737	0.530101	1.60366
887831	1.15486	6	6	15	0.0979399	4.91608	4.20123	3.66276	4044	1413	3132	-7.82428	-4.69621	-1.54451	-0.969536	-3.38461	-0.716595	1.49024	1.63557
888421	1.11425	2	20	9	0.0751048	4.40768	4.42938	3.63367	4173	1584	3516	-4.44862	-5.98135	-1.84334	1.53832	-4.61468	-2.50731	-0.707057	1.5742
893382	1.34385	3	8	18	0.0921684	4.64773	3.90048	3.44793	3821	1489	2384	-7.26812	-2.97286	0.118818	-0.917894	-5.02398	-0.9302	-0.757235	1.82543
904260	1.36919	2	8	5	0.0942366	4.34136	4.35474	3.7824	3504	1534	3223	0.869662	-7.15968	-1.69945	-0.844893	-3.30857	-0.343453	0.256415	2.11422
905883	1.10043	4	18	9	0.0745273	4.53345	4.73566	3.79893	2936	1582	2589	-2.86711	-8.52802	0.928195	0.842614	-2.96292	0.398565	-0.52857	2.26599
907265	1.3731	15	19	7	0.0962816	4.92343	4.59414	3.7237	3637	1478	3098	-8.6083	-3.8732	0.272433	2.60025	-2.93239	-0.0785316	0.205973	2.26317
912906	1.02671	19	13	13	0.0902926	4.60746	4.64876	3.75251	4473	1293	2769	-8.11018	-6.36598	0.557856	1.67603	-1.8823	-0.587179	0.606607	2.26356
913123	0.684563	7	16	7	0.0948528	4.69304	4.72094	3.7732	3900	1401	3448	-6.02921	-5.82127	-1.40079	1.4704	-2.35285	-1.60412	-0.325464	2.35962
917174	1.33547	14	14	14	0.0835129	4.82526	4.46459	3.67843	4704	960	2383	-9.26345	-5.89716	0.411235	2.06698	-1.76638	-0.228375	-0.2321	1.746
917179	0.648543	8	11	9	0.0767335	4.61576	4.47878	3.62428	4642	1190	2362	-7.31941	-7.35153	0.545879	1.66269	-3.27244	-0.477048	0.320446	1.38075
917801	1.10366	6	8	18	0.0952508	4.92347	4.37798	3.67761	4441	1509	2370	-10.0955	-8.58632	0.601956	-0.579985	-3.62189	-0.0904063	0.96885	2.59285
921771	1.28322	2	4	18	0.0916973	4.38555	4.34988	3.47799	4768	1257	2503	-1.9933	-7.45473	0.538091	-1.68152	-4.16595	0.313088	0.521753	1.82303
925544	0.993663	9	18	19	0.0945132	4.90007	4.39386	3.72689	4223	1379	2671	-11.9182	-6.77976	-1.08856	0.0804478	-3.23256	-1.05432	1.17101	2.10081
928479	1.23766	4	6	19	0.0873052	4.88869	4.48786	3.43823	3963	956	2780	-9.00852	-5.10341	-2.88241	-0.203751	-3.88636	-0.617364	-0.746958	2.70243
928557	1.21941	3	3	17	0.0970711	4.31852	4.70451	3.81358	4224	1522	2818	-2.64821	-9.55922	0.264287	-1.23362	-2.15307	-1.25854	0.501096	1.82708
928638	1.17587	11	18	19	0.0931631	4.917	4.81796	3.7947	3570	1332	3332	-6.00725	-6.16164	-2.8577	0.21096	-2.9275	-0.817365	1.48208	1.6128
929568	0.915545	6	16	18	0.0932341	4.48287	4.36831	3.79	3727	1263	3296	-6.28525	-5.80446	-2.7964	-0.637362	-2.4549	-1.6419	0.281675	1.83067
937834	1.3322	12	18	8	0.0972824	4.42424	4.41137	3.53567	4512	1267	3441	-2.82756	-4.58454	-0.734191	1.52205	-4.3084	0.529894	1.03277	2.28335
939209	1.07828	2	5	16	0.0849195	4.56101	4.52256	3.45163	3708	1260	2558	-6.6375	-4.54135	-1.00802	1.35063	-4.39907	-1.68937	-0.955576	1.29779
939757	0.764097	19	19	15	0.0860729	4.78864	4.39303	3.73392	3854	1567	3067	-9.55023	-4.72171	-0.115534	1.36058	-3.2085	-0.293185	0.447494	1.8224
940089	1.33036	3	12	10	0.0827802	4.63254	3.88519	3.57898	2987	1583	2544	-6.98168	-3.36491	-0.882501	-1.4895	-4.89843	-0.534302	0.257294	2.63541
942122	1.24388	8	9	13	0.0733336	4.67984	4.77164	3.41212	4993	884	3021	-1.91664	-5.31593	-0.362966	1.01146	-3.64686	0.846899	0.00515284	1.59108
943438	0.87563	5	14	16	0.0871256	4.5351	4.63403	3.63568	3605	948	2170	-5.42066	-9.33147	-0.913273	-0.559655	-2.44151	0.51461	0.327301	2.17508
944923	1.30863	15	7	17	0.0885759	4.78198	4.3994	3.75808	3798	1337	2579	-10.6521	-5.54452	0.377138	1.15707	-2.27465	-0.948291	0.0640609	1.23348
945328	1.33083	11	5	14	0.0936673	4.93109	4.29035	3.52101	4637	1286	2415	-7.00711	-5.60321	2.13874	1.50558	-3.68177	-0.0203102	-0.679367	1.85447
946679	0.994693	3	20	3	0.0913396	4.38764	4.08732	3.59934	4410	1156	2460	-3.75473	-7.18654	0.32292	0.840353	-3.79558	0.0548954	-0.584711	1.12206
948194	0.847515	5	19	15	0.0618932	4.85569	4.62999	3.72255	2938	1446	2423	-6.9979	-7.16326	0.885831	1.97769	-3.18538	-0.0542208	-0.120211	1.49624
950771	0.394878	11	10	20	0.0902205	4.86354	4.9238	3.60358	4697	1571	3061	-7.55945	-6.47857	-0.565383	1.56314	-4.42046	-1.31016	0.281457	1.5501
953361	0.813322	8	16	17	0.0996489	4.47406	4.32465	3.57241	2707	1409	2230	-8.40225	-6.53976	-1.37675	-0.151276	-4.59223	-0.0701066	1.33787	1.82994
953911	1.19506	12	6	15	0.0755235	4.81856	4.12717	3.72049	2885	1555	2428	-8.30178	-4.19549	1.33634	0.672672	-2.34833	-1.08736	-0.263517	2.25312
953992	0.769595	8	17	17	0.0824241	4.68987	4.3377	3.72754	3692	1332	3263	-7.93902	-4.78722	-2.27529	0.0233321	-2.69382	-1.69948	0.163358	2.04791
954196	1.24368	2	17	8	0.0912643	4.59916	4.94798	3.63043	4256	977	2131	-4.33381	-9.31137	0.783182	1.37126	-2.74797	0.676855	-0.439478	1.70579
954339	1.31535	9	12	17	0.0970101	4.7704	4.24854	3.62859	4631	1598	3561	-4.23948	-4.26828	-1.43164	-0.0346281	-4.04224	-1.27512	1.76737	2.35158
954742	0.787968	11	9	19	0.0878911	4.29946	4.51472	3.4501	4499	953	2956	-2.30535	-5.86258	-1.74192	0.260132	-4.01006	0.140627	0.59601	1.91499
955141	1.29374	3	9	5	0.0799392	4.52372	4.78946	3.83967	3865	1307	2819	-6.10396	-7.19547	0.060398	0.76896	-1.68359	-0.442112	1.08356	1.25829
959195	1.15161	12	17	7	0.0856648	4.59098	4.96235	3.81697	2618	1489	2663	-9.06412	-5.67467	-1.10446	1.25028	-2.25868	-0.581272	1.40513	1.78174
961083	1.20836	6	9	17	0.0827282	4.72889	4.92863	3.42959	4958	1150	2665	-7.13171	-6.0608	0.282754	1.7799	-4.9094	0.170009	-0.353026	1.14296
962490	0.881017	7	8	19	0.0633383	4.72406	4.68714	3.83276	3314	1460	2799	-9.0379	-5.76558	-0.693177	1.16846	-2.17896	-1.55381	0.26247	1.45025
963693	1.36889	7	16	7	0.0963659	4.18424	4.3831	3.56832	4858	1094	3187	-0.276241	-6.36924	-0.676413	0.991595	-3.45924	0.176742	0.108651	1.24821
964864	1.06956	6	8	12	0.0983272	4.46204	4.31838	3.7165	3737	1364	2278	-3.49483	-8.19272	1.6314	-0.0761582	-2.65887	-0.338958	-0.541562	1.97916
965275	0.391626	4	6	14	0.0893203	4.69522	4.48077	3.60574	2634	1488	2339	-8.52085	-6.43459	-1.4997	-0.360696	-4.24326	-0.769057	0.766112	2.15184
968207	1.38284	3	3	13	0.0876843	4.68277	4.46932	3.69117	3936	998	3393	-4.86097	-5.18293	-2.61981	-0.555009	-1.60794	-0.919463	-0.535726	1.78323
969399	1.24321	10	7	19	0.0934269	4.86518	4.46648	3.51242	2785	1295	2227	-11.7612	-4.2124	-1.76274	1.17901	-4.2768	-0.631726	0.592094	1.8035
973838	1.28217	13	20	13	0.0755388	4.60885	4.12123	3.48615	4863	779	3432	-3.96706	-3.87967	-1.49132	0.608067	-2.41614	0.61171	0.038775	1.93548
975640	0.789892	15	15	20	0.0997839	4.55388	4.0445	3.66389	4345	1277	3130	-4.11105	-5.35493	-0.0111869	-0.85284	-3.09402	0.237203	0.234639	2.29128
976797	1.38838	9	15	8	0.0986791	4.71451	4.08196	3.75565	4326	980	2174	-6.11262	-8.85327	0.341842	-0.423111	-1.97114	0.953144	0.144088	2.42554
979425	1.08781	6	19	7	0.0867397	4.77239	4.10951	3.59207	2328	1354	2227	-7.55321	-3.81608	0.0139454	1.54894	-3.93286	0.24324	-0.0150755	1.47059
981208	0.481879	5	19	3	0.0937086	4.744	4.44624	3.80325	4451	1139	3094	-6.30132	-7.58378	-1.75322	0.313319	-2.43034	-0.618784	0.71095	1.85522
984278	0.567845	4	16	11	0.0729831	4.72358	4.69979	3.56419	4802	1267	3281	-3.8076	-6.31857	-0.138095	1.30015	-4.00225	-0.275434	0.22245	2.60467
984900	0.611617	11	13	17	0.0821675	4.97257	4.87061	3.64217	4814	1557	3546	-6.52878	-5.40275	-0.626999	1.90704	-3.46281	-1.66434	0.0623451	2.5517
987020	0.982602	12	19	7	0.0883289	4.96423	4.69672	3.57183	3929	1070	3041	-8.52215	-4.51319	-1.63906	1.97753	-3.39171	0.260508	0.0908614	1.90568
989397	1.34579	10	20	18	0.0723602	4.36955	4.88364	3.51415	4969	1253	3585	-0.699267	-5.9754	-1.25427	1.2433	-4.37418	-1.4492	-0.356194	1.15308
990074	0.937154	2	13	3	0.096772	4.36832	4.86674	3.70544	3913	1065	2756	-3.67018	-8.01007	-1.66126	0.765658	-2.45681	-0.0878877	0.12751	1.26145
991841	1.22698	6	15	10	0.0944746	4.32799	4.6461	3.88173	4224	1289	2958	-2.33391	-8.83343	-0.304885	0.621617	-1.63635	-0.803999	-0.0629693	1.45338
992326	1.38497	8	19	10	0.08349	4.62354	3.96577	3.7102	4310	1304	2466	-11.0171	-5.01238	0.155842	0.11897	-2.86142	-1.75784	-0.205665	1.13079
995556	1.13109	2	9	13	0.0899279	4.79592	4.21461	3.68904	4990	827	2782	-9.23958	-7.69592	-1.72404	-0.963292	-2.02173	0.0317539	0.264578	1.55201
1000259	1.10221	4	5	7	0.0649221	4.83542	4.02407	3.51772	3139	1264	2402	-8.86486	-2.59352	-0.247201	0.544352	-3.51499	-0.25607	0.206537	1.85112
